55 0.75703125 0.353125 0.03125 0.0296875
58 0.54375 0.8015625 0.040625 0.0265625
58 0.4765625 0.3203125 0.0375 0.0265625
58 0.13046875 0.43984375 0.0390625 0.0265625
58 0.13828125 0.73203125 0.0421875 0.0265625
57 0.48984375 0.41484375 0.1171875 0.0359375
58 0.91328125 0.6234375 0.0390625 0.025
52 0.84140625 0.33828125 0.046875 0.025
20 0.30859375 0.49375 0.0359375 0.0625
35 0.38984375 0.48046875 0.034375 0.059375
47 0.475 0.4703125 0.034375 0.059375
3 0.56015625 0.45859375 0.0359375 0.0578125
12 0.64375 0.446875 0.0328125 0.0625
33 0.784375 0.25625 0.0296875 0.0515625
31 0.83203125 0.2484375 0.0375 0.059375
48 0.1203125 0.3484375 0.0359375 0.0578125
49 0.07421875 0.35625 0.034375 0.053125