38 0.509375 0.71875 0.0375 0.0578125
54 0.91640625 0.3875 0.08125 0.0875
3 0.609375 0.4828125 0.0359375 0.059375
54 0.20703125 0.2625 0.08125 0.0859375
54 0.8609375 0.378125 0.090625 0.09375
57 0.51328125 0.41484375 0.1265625 0.0390625
54 0.1546875 0.253125 0.09375 0.090625
58 0.44765625 0.7953125 0.05625 0.0359375
53 0.4890625 0.56171875 0.0453125 0.0265625
58 0.53046875 0.31953125 0.05625 0.0328125
53 0.2828125 0.37421875 0.046875 0.0296875
53 0.74765625 0.4546875 0.0484375 0.028125
55 0.2484375 0.34296875 0.03125 0.03125
58 0.084375 0.60625 0.05625 0.0328125
58 0.165625 0.3265625 0.0546875 0.0296875
58 0.871875 0.4515625 0.0546875 0.0328125
58 0.85234375 0.74140625 0.0515625 0.028125
24 0.6921875 0.49765625 0.0359375 0.0609375
5 0.45859375 0.71015625 0.0328125 0.0609375
5 0.5265625 0.46640625 0.0359375 0.0609375
28 0.6921875 0.49765625 0.0359375 0.0609375
6 0.5265625 0.46796875 0.0359375 0.0609375