57 0.48671875 0.41484375 0.125 0.040625
34 0.8609375 0.36953125 0.0375 0.059375
2 0.3078125 0.49765625 0.0359375 0.0578125
33 0.390625 0.4828125 0.034375 0.059375
58 0.55234375 0.7984375 0.059375 0.0359375
55 0.178125 0.6 0.034375 0.03125
53 0.5125 0.5625 0.04375 0.025
52 0.09140625 0.59453125 0.0484375 0.0265625
58 0.91953125 0.4515625 0.028125 0.0234375
42 0.55703125 0.4546875 0.0359375 0.059375
51 0.4734375 0.46796875 0.0375 0.0640625
10 0.078125 0.503125 0.0359375 0.0578125
42 0.55703125 0.4546875 0.0375 0.0609375
13 0.90625 0.35859375 0.03125 0.053125
14 0.03125 0.515625 0.034375 0.05625