58 0.859375 0.3875 0.053125 0.0265625
58 0.140625 0.3875 0.0515625 0.021875
54 0.1640625 0.3171875 0.0796875 0.08125
54 0.109375 0.3171875 0.06875 0.078125
54 0.8828125 0.3171875 0.08125 0.078125
55 0.225 0.3875 0.0265625 0.0265625
54 0.8296875 0.3171875 0.071875 0.0765625
58 0.5 0.3171875 0.028125 0.0234375
57 0.5015625 0.4125 0.1265625 0.01875
58 0.5 0.8015625 0.0578125 0.025
58 0.890625 0.6765625 0.0515625 0.021875
58 0.109375 0.678125 0.0484375 0.0234375
53 0.5015625 0.5640625 0.0421875 0.01875
10 0.4796875 0.4625 0.0265625 0.05625
42 0.3953125 0.4640625 0.028125 0.0578125
11 0.3109375 0.4640625 0.0296875 0.05625