54 0.46875 0.2453125 0.0671875 0.0734375
54 0.890625 0.45 0.0671875 0.0734375
55 0.45625 0.35 0.0265625 0.0265625
54 0.94375 0.4515625 0.0796875 0.08125
57 0.5 0.4125 0.115625 0.0171875
54 0.5234375 0.246875 0.08125 0.08125
53 0.503125 0.6265625 0.0296875 0.01875
58 0.5 0.803125 0.0546875 0.0265625
58 0.9203125 0.5234375 0.05 0.0203125
53 0.8140625 0.5078125 0.03125 0.021875
58 0.5 0.31875 0.0515625 0.0265625
58 0.0796875 0.5234375 0.05 0.0234375
18 0.453125 0.7015625 0.0296875 0.0578125
16 0.5046875 0.7 0.03125 0.0625