12 0.921875 0.41328125 0.0296875 0.059375
57 0.4984375 0.4125 0.134375 0.021875
52 0.5125 0.803125 0.05625 0.0265625
24 0.08203125 0.44296875 0.0296875 0.0578125
52 0.4953125 0.315625 0.046875 0.0234375
55 0.8359375 0.53046875 0.0296875 0.028125
53 0.4109375 0.59375 0.04375 0.0203125
30 0.39375 0.46796875 0.0296875 0.059375
52 0.92265625 0.50703125 0.0453125 0.01875
4 0.51171875 0.7015625 0.0328125 0.065625
51 0.87578125 0.41953125 0.0328125 0.0578125
53 0.49921875 0.565625 0.0453125 0.021875
26 0.478125 0.46328125 0.0296875 0.059375
21 0.309375 0.46875 0.028125 0.0578125
58 0.08046875 0.53671875 0.0484375 0.0234375
55 0.37265625 0.5703125 0.025 0.0265625
30 0.39375 0.46796875 0.03125 0.059375
6 0.478125 0.46484375 0.0296875 0.059375
5 0.46015625 0.70625 0.03125 0.0609375
37 0.03515625 0.44921875 0.028125 0.05625