12 0.39921875 0.45625 0.0328125 0.0609375
57 0.51015625 0.41484375 0.1234375 0.03125
35 0.315625 0.44609375 0.0328125 0.059375
22 0.09375 0.38671875 0.0359375 0.059375
58 0.46796875 0.8015625 0.05625 0.03125
55 0.16328125 0.50703125 0.03125 0.0296875
49 0.48359375 0.4640625 0.0328125 0.059375
52 0.5203125 0.31796875 0.05 0.025
53 0.49453125 0.565625 0.0421875 0.0234375
36 0.56875 0.47421875 0.0328125 0.0609375
52 0.0796875 0.4796875 0.0484375 0.025
0 0.9296875 0.47578125 0.034375 0.059375
58 0.915625 0.5671875 0.05 0.025
2 0.6515625 0.48125 0.0328125 0.059375
6 0.8828125 0.47265625 0.034375 0.05625
33 0.046875 0.38671875 0.0328125 0.0578125
35 0.315625 0.44609375 0.0328125 0.059375