55 0.6296875 0.35 0.028125 0.025
54 0.234375 0.634375 0.0796875 0.078125
58 0.5 0.803125 0.059375 0.0265625
54 0.21875 0.290625 0.078125 0.08125
54 0.1625 0.290625 0.06875 0.075
58 0.2109375 0.7046875 0.0515625 0.025
54 0.178125 0.6328125 0.065625 0.071875
57 0.5015625 0.4125 0.125 0.0203125
58 0.1921875 0.3609375 0.0515625 0.025
58 0.0796875 0.521875 0.0515625 0.021875
58 0.403125 0.3171875 0.0515625 0.021875
58 0.921875 0.5234375 0.0546875 0.021875
53 0.5 0.5640625 0.04375 0.021875
58 0.790625 0.703125 0.05 0.021875
58 0.5984375 0.315625 0.0515625 0.021875
58 0.8078125 0.359375 0.0265625 0.0234375
44 0.3109375 0.465625 0.0265625 0.0546875
0 0.4796875 0.4640625 0.0265625 0.059375
38 0.5640625 0.4640625 0.0265625 0.05625
24 0.3953125 0.465625 0.028125 0.059375