57 0.48984375 0.41484375 0.128125 0.0375
54 0.7734375 0.5953125 0.071875 0.08125
54 0.93203125 0.3875 0.0875 0.0859375
54 0.8765625 0.396875 0.075 0.0828125
54 0.8296875 0.5875 0.0875 0.0859375
55 0.6078125 0.33359375 0.0296875 0.028125
58 0.2421875 0.74140625 0.0375 0.0265625
58 0.91953125 0.46328125 0.05 0.028125
58 0.17890625 0.4046875 0.0484375 0.028125
58 0.08671875 0.57890625 0.0484375 0.028125
58 0.81640625 0.6609375 0.0484375 0.028125
42 0.55859375 0.45390625 0.034375 0.0578125
58 0.37890625 0.3328125 0.05 0.028125
28 0.3078125 0.490625 0.0359375 0.0609375
58 0.5734375 0.303125 0.0375 0.0265625
58 0.5421875 0.7984375 0.05625 0.034375
33 0.475 0.4671875 0.034375 0.0609375
53 0.51015625 0.56328125 0.0421875 0.025
29 0.39140625 0.47890625 0.0328125 0.0609375