12 0.0796875 0.40625 0.03125 0.0609375
57 0.503125 0.4125 0.125 0.0234375
28 0.690625 0.47421875 0.03125 0.059375
4 0.48515625 0.70078125 0.034375 0.065625
52 0.484375 0.80234375 0.0546875 0.028125
55 0.1640625 0.5234375 0.0296875 0.028125
58 0.509375 0.31875 0.0515625 0.025
8 0.4375 0.4625 0.03125 0.059375
36 0.12421875 0.41484375 0.0328125 0.0609375
53 0.496875 0.5640625 0.0421875 0.0203125
58 0.07734375 0.5015625 0.0609375 0.0234375
58 0.91875 0.5453125 0.053125 0.025
23 0.35390625 0.45625 0.0296875 0.0578125
27 0.521875 0.46484375 0.0296875 0.059375
25 0.5359375 0.70703125 0.03125 0.0609375
5 0.534375 0.70703125 0.0296875 0.059375
14 0.60625 0.47109375 0.0296875 0.059375