17 0.30703125 0.4859375 0.0328125 0.059375
41 0.56171875 0.46015625 0.0328125 0.059375
44 0.3921875 0.4765625 0.0328125 0.0609375
15 0.4796875 0.46796875 0.034375 0.059375
57 0.49296875 0.4171875 0.1296875 0.034375
58 0.4828125 0.32109375 0.05625 0.03125
58 0.1328125 0.42890625 0.053125 0.025
58 0.13203125 0.72265625 0.0578125 0.03125
58 0.53203125 0.803125 0.059375 0.034375
58 0.9078125 0.6390625 0.05625 0.03125
58 0.84765625 0.3546875 0.053125 0.028125
53 0.50703125 0.5671875 0.046875 0.0328125
55 0.23828125 0.653125 0.034375 0.0359375
54 0.09296875 0.3625 0.078125 0.0828125
54 0.14765625 0.3578125 0.0859375 0.0890625
54 0.44453125 0.25625 0.078125 0.084375
54 0.4984375 0.246875 0.0875 0.084375