21 0.6828125 0.43984375 0.03125 0.059375
58 0.53515625 0.79765625 0.059375 0.0328125
57 0.4875 0.41328125 0.1296875 0.034375
58 0.84296875 0.34453125 0.0515625 0.0265625
58 0.13359375 0.72265625 0.0546875 0.0296875
58 0.47578125 0.31875 0.0296875 0.025
58 0.909375 0.62890625 0.0515625 0.0296875
55 0.759375 0.35625 0.03125 0.0296875
58 0.1296875 0.43046875 0.05625 0.0296875
9 0.11484375 0.33984375 0.0296875 0.059375
53 0.5078125 0.56015625 0.0453125 0.025
8 0.59921875 0.45 0.034375 0.0609375
19 0.3484375 0.48125 0.0328125 0.0609375
33 0.16015625 0.33671875 0.03125 0.05625
41 0.43203125 0.4703125 0.03125 0.059375
7 0.3484375 0.48125 0.0328125 0.059375
28 0.56953125 0.69453125 0.0375 0.0625
7 0.3484375 0.48125 0.0328125 0.059375
51 0.515625 0.46171875 0.0359375 0.0625
27 0.52109375 0.70078125 0.0375 0.0625