54 0.87890625 0.54453125 0.090625 0.090625
54 0.934375 0.5359375 0.078125 0.0890625
58 0.915625 0.609375 0.053125 0.028125
55 0.24921875 0.67109375 0.034375 0.0328125
58 0.553125 0.8 0.0625 0.0390625
58 0.8328125 0.32890625 0.053125 0.0296875
58 0.14609375 0.74296875 0.053125 0.03125
57 0.48359375 0.415625 0.128125 0.040625
58 0.46875 0.321875 0.05625 0.03125
58 0.1265625 0.453125 0.0546875 0.03125
53 0.5109375 0.56328125 0.046875 0.03125
56 0.26015625 0.85625 0.390625 0.146875
29 0.68046875 0.43515625 0.0359375 0.0609375
45 0.59765625 0.44921875 0.0328125 0.059375
40 0.5140625 0.4640625 0.034375 0.059375
28 0.58046875 0.6953125 0.0390625 0.0640625
23 0.53046875 0.69921875 0.0390625 0.065625