54 0.525 0.246875 0.0796875 0.078125
54 0.4703125 0.2484375 0.06875 0.075
52 0.109375 0.6796875 0.0453125 0.0171875
55 0.7765625 0.625 0.03125 0.028125
54 0.8578125 0.609375 0.0625 0.071875
53 0.503125 0.565625 0.0390625 0.0203125
58 0.8921875 0.6796875 0.0609375 0.0203125
58 0.5 0.31875 0.0625 0.0234375
54 0.9140625 0.6078125 0.08125 0.075
57 0.5015625 0.4140625 0.1265625 0.01875
58 0.5015625 0.8046875 0.0671875 0.0265625
58 0.859375 0.3890625 0.059375 0.021875
58 0.140625 0.3890625 0.06875 0.021875
50 0.3109375 0.4671875 0.028125 0.053125
32 0.3953125 0.465625 0.025 0.0546875
36 0.4796875 0.4671875 0.025 0.05625
40 0.5640625 0.465625 0.025 0.0546875