54 0.86171875 0.621875 0.08125 0.08125
54 0.91796875 0.62578125 0.06875 0.0796875
58 0.884375 0.69296875 0.05 0.021875
55 0.21953125 0.615625 0.03125 0.0296875
58 0.4890625 0.8046875 0.059375 0.03125
58 0.86171875 0.4015625 0.05 0.0234375
58 0.103125 0.6640625 0.0515625 0.025
57 0.5015625 0.4140625 0.1265625 0.0234375
58 0.50625 0.31875 0.053125 0.0234375
58 0.14453125 0.3765625 0.0515625 0.0234375
53 0.49765625 0.5640625 0.0453125 0.025
56 0.19140625 0.79765625 0.3828125 0.0953125
29 0.68984375 0.4734375 0.028125 0.059375
45 0.60546875 0.47109375 0.025 0.0578125
40 0.52109375 0.46796875 0.0265625 0.0578125
28 0.53828125 0.7078125 0.03125 0.0609375
23 0.48828125 0.7015625 0.03125 0.0625