57 0.50625 0.4125 0.13125 0.0234375
32 0.44765625 0.703125 0.0328125 0.0640625
36 0.3140625 0.4578125 0.03125 0.059375
2 0.48125 0.46328125 0.0328125 0.0578125
52 0.49140625 0.8015625 0.05625 0.028125
55 0.46328125 0.3484375 0.028125 0.0296875
45 0.64921875 0.46953125 0.028125 0.0609375
53 0.49765625 0.565625 0.05 0.0234375
58 0.92109375 0.53828125 0.05 0.0234375
47 0.88046875 0.44609375 0.03125 0.0578125
33 0.565625 0.46640625 0.028125 0.0578125
58 0.50625 0.3171875 0.0515625 0.0234375
37 0.92578125 0.44453125 0.0265625 0.0578125
5 0.49765625 0.7 0.028125 0.0640625
25 0.396875 0.46015625 0.028125 0.0578125