57 0.496875 0.4125 0.128125 0.0234375
36 0.56328125 0.4609375 0.03125 0.059375
12 0.9203125 0.40625 0.03125 0.059375
55 0.16796875 0.55625 0.0328125 0.03125
52 0.4921875 0.3171875 0.05 0.0234375
53 0.503125 0.5625 0.0453125 0.021875
58 0.08125 0.5421875 0.0515625 0.0234375
58 0.515625 0.80078125 0.0578125 0.0296875
21 0.478125 0.46484375 0.0296875 0.0578125
11 0.64609375 0.45625 0.0328125 0.0578125
37 0.39375 0.46796875 0.028125 0.059375
48 0.87578125 0.41328125 0.034375 0.059375
24 0.309375 0.47421875 0.0328125 0.0609375
45 0.0328125 0.45234375 0.0328125 0.0515625
58 0.92421875 0.5015625 0.0578125 0.0234375
1 0.0796875 0.446875 0.0265625 0.05