12 0.5046875 0.7 0.0296875 0.0640625
57 0.5015625 0.4125 0.134375 0.01875
32 0.4546875 0.7046875 0.03125 0.0609375
52 0.5015625 0.8015625 0.0546875 0.0265625
55 0.165625 0.5421875 0.0296875 0.0265625
52 0.5 0.3171875 0.0484375 0.021875
53 0.4078125 0.5890625 0.0453125 0.021875
58 0.921875 0.5234375 0.059375 0.021875
58 0.0796875 0.5234375 0.0515625 0.025
5 0.503125 0.225 0.0265625 0.05625
53 0.5 0.5640625 0.0421875 0.0203125
9 0.6484375 0.4640625 0.0265625 0.0578125
50 0.5640625 0.4625 0.028125 0.0578125
35 0.878125 0.4328125 0.03125 0.0546875
41 0.4578125 0.228125 0.028125 0.0546875
19 0.3109375 0.4640625 0.03125 0.0578125
8 0.9234375 0.428125 0.0296875 0.05625
35 0.878125 0.4328125 0.03125 0.0578125
41 0.4578125 0.228125 0.028125 0.0546875
25 0.4796875 0.4640625 0.025 0.0578125
16 0.3953125 0.4640625 0.028125 0.059375