12 0.4296875 0.475 0.0359375 0.0625
57 0.4859375 0.41328125 0.128125 0.0375
49 0.68125 0.43515625 0.0328125 0.059375
58 0.546875 0.79765625 0.05625 0.034375
37 0.59765625 0.4484375 0.03125 0.059375
55 0.83671875 0.4890625 0.03125 0.03125
38 0.5140625 0.4609375 0.034375 0.0578125
53 0.51015625 0.56328125 0.04375 0.025
52 0.46953125 0.31796875 0.05 0.0296875
52 0.91875 0.45546875 0.05 0.028125
36 0.94609375 0.3609375 0.0359375 0.059375
52 0.08671875 0.5859375 0.0484375 0.025
8 0.34609375 0.48984375 0.0375 0.0609375
51 0.89921875 0.3640625 0.0375 0.0609375
1 0.06875 0.4953125 0.034375 0.0578125
16 0.11640625 0.49609375 0.0328125 0.05625