49 0.39453125 0.47109375 0.0296875 0.0609375
45 0.646875 0.46171875 0.0296875 0.0609375
0 0.31015625 0.4734375 0.0296875 0.0578125
20 0.48046875 0.46796875 0.028125 0.0609375
48 0.5640625 0.46484375 0.03125 0.0578125
55 0.45078125 0.3546875 0.0296875 0.028125
54 0.103125 0.334375 0.071875 0.08125
54 0.159375 0.33203125 0.078125 0.0796875
54 0.86328125 0.5984375 0.06875 0.0796875
54 0.91640625 0.60078125 0.084375 0.090625
57 0.4984375 0.415625 0.1046875 0.0234375
53 0.50390625 0.5671875 0.0203125 0.0203125
58 0.5125 0.80625 0.04375 0.0265625
58 0.1171875 0.69453125 0.040625 0.0234375
58 0.13828125 0.403125 0.0375 0.0234375
58 0.49375 0.3203125 0.040625 0.025
58 0.85546875 0.378125 0.034375 0.021875
58 0.8984375 0.66875 0.0375 0.0234375