21 0.315625 0.44296875 0.03125 0.0578125
58 0.4703125 0.7984375 0.059375 0.0328125
57 0.5109375 0.41328125 0.1296875 0.0328125
58 0.1546875 0.35078125 0.0515625 0.025
58 0.8703125 0.71640625 0.053125 0.028125
58 0.5203125 0.31796875 0.028125 0.025
58 0.09296875 0.6359375 0.05 0.028125
55 0.23828125 0.3609375 0.03125 0.0296875
58 0.86953125 0.42421875 0.0546875 0.028125
9 0.88203125 0.3328125 0.0296875 0.0578125
53 0.49375 0.5609375 0.0453125 0.025
8 0.4 0.4515625 0.034375 0.0609375
19 0.6515625 0.478125 0.0328125 0.0609375
33 0.83671875 0.33125 0.0296875 0.0546875
41 0.56796875 0.46953125 0.03125 0.0578125
7 0.6515625 0.478125 0.0328125 0.059375
28 0.43359375 0.69609375 0.0375 0.0625
7 0.6515625 0.478125 0.0328125 0.059375
51 0.48359375 0.4625 0.0359375 0.0625
27 0.48203125 0.70078125 0.0375 0.0625