54 0.80703125 0.64921875 0.084375 0.0828125
57 0.50625 0.4125 0.1171875 0.0265625
54 0.1734375 0.615625 0.06875 0.0765625
54 0.75234375 0.64609375 0.0671875 0.0765625
54 0.2265625 0.61875 0.0828125 0.08125
54 0.21484375 0.26875 0.06875 0.0765625
54 0.89140625 0.471875 0.0703125 0.0796875
54 0.7578125 0.29609375 0.0703125 0.0765625
54 0.8125 0.29921875 0.08125 0.08125
54 0.1078125 0.4296875 0.0828125 0.0828125
54 0.053125 0.4265625 0.0703125 0.0765625
54 0.26953125 0.2734375 0.084375 0.084375
54 0.94609375 0.4734375 0.084375 0.0828125
58 0.9203125 0.5421875 0.0578125 0.0265625
53 0.496875 0.5625 0.0328125 0.0203125
53 0.30703125 0.39765625 0.028125 0.01875
58 0.4859375 0.8015625 0.0671875 0.03125
55 0.16015625 0.51328125 0.0296875 0.0296875
58 0.07890625 0.4984375 0.0515625 0.025
58 0.24375 0.34296875 0.0578125 0.0265625
58 0.778125 0.71796875 0.059375 0.0234375
58 0.20078125 0.6875 0.0515625 0.025
53 0.6609375 0.41640625 0.0296875 0.01875
58 0.78515625 0.36953125 0.0578125 0.025
30 0.49453125 0.7 0.0296875 0.0578125
26 0.49453125 0.7 0.03125 0.0578125
27 0.4421875 0.70078125 0.034375 0.0625