54 0.1671875 0.384375 0.090625 0.090625
55 0.79609375 0.3875 0.0359375 0.0328125
58 0.1578125 0.45703125 0.0390625 0.028125
58 0.80859375 0.3421875 0.0390625 0.028125
58 0.55234375 0.7984375 0.0453125 0.034375
57 0.48515625 0.415625 0.10625 0.0359375
54 0.11328125 0.39375 0.0796875 0.084375
56 0.825 0.7546875 0.35 0.14375
53 0.51171875 0.56484375 0.0265625 0.0234375
4 0.47421875 0.46953125 0.0359375 0.0609375
42 0.30625 0.50078125 0.0359375 0.05625
20 0.39140625 0.4859375 0.0359375 0.059375
41 0.4890625 0.709375 0.0359375 0.059375
47 0.53828125 0.69765625 0.0390625 0.065625