0 0.4375 0.4625 0.03125 0.059375
57 0.5015625 0.4125 0.1265625 0.025
53 0.496875 0.5640625 0.0421875 0.0203125
55 0.55625 0.646875 0.028125 0.028125
9 0.690625 0.47421875 0.0265625 0.0578125
12 0.521875 0.46484375 0.03125 0.0609375
58 0.484375 0.80078125 0.05625 0.0296875
52 0.5078125 0.315625 0.0484375 0.025
52 0.07734375 0.5 0.046875 0.0203125
3 0.60625 0.46953125 0.03125 0.0609375
58 0.9171875 0.54375 0.046875 0.0234375
8 0.9203125 0.45 0.03125 0.059375
14 0.35390625 0.45625 0.0296875 0.05625
12 0.08125 0.40625 0.0296875 0.059375
25 0.12578125 0.41328125 0.0296875 0.05625
4 0.08125 0.40625 0.0328125 0.059375
8 0.9203125 0.45 0.03125 0.059375
28 0.9640625 0.45703125 0.03125 0.05625
5 0.12578125 0.41171875 0.0296875 0.05625