12 0.5078125 0.7 0.03125 0.0640625
57 0.5 0.4125 0.134375 0.0203125
32 0.45859375 0.70546875 0.0328125 0.0609375
52 0.50703125 0.8015625 0.0546875 0.028125
55 0.16640625 0.54765625 0.0296875 0.0265625
52 0.496875 0.3171875 0.0484375 0.0234375
53 0.409375 0.590625 0.0453125 0.0234375
58 0.921875 0.51640625 0.059375 0.0234375
58 0.08046875 0.53046875 0.0515625 0.0265625
5 0.4984375 0.225 0.028125 0.05625
53 0.50078125 0.5640625 0.0421875 0.0203125
9 0.64765625 0.46171875 0.028125 0.0578125
50 0.56328125 0.46171875 0.0296875 0.0578125
35 0.8765625 0.4265625 0.0328125 0.0546875
41 0.453125 0.22890625 0.0296875 0.0546875
19 0.31015625 0.4671875 0.0328125 0.0578125
8 0.921875 0.42109375 0.03125 0.05625
35 0.8765625 0.4265625 0.0328125 0.0578125
41 0.453125 0.22890625 0.0296875 0.0546875
25 0.47890625 0.4640625 0.0265625 0.0578125
16 0.39453125 0.465625 0.0296875 0.059375