54 0.859375 0.31875 0.0671875 0.075
20 0.60390625 0.4625 0.028125 0.05625
58 0.1671875 0.40546875 0.034375 0.0203125
56 0.20859375 0.81484375 0.384375 0.084375
47 0.4984375 0.7 0.03125 0.059375
54 0.803125 0.31953125 0.078125 0.0796875
55 0.18828125 0.44921875 0.0296875 0.028125
58 0.8296875 0.39453125 0.0359375 0.021875
41 0.55 0.70078125 0.0296875 0.05625
57 0.4984375 0.4125 0.1125 0.01875
42 0.68984375 0.4609375 0.028125 0.05625
53 0.50078125 0.5625 0.03125 0.021875
4 0.51953125 0.4640625 0.028125 0.0578125
15 0.43515625 0.46484375 0.028125 0.05625
15 0.43671875 0.46484375 0.028125 0.0578125
58 0.50390625 0.80625 0.0390625 0.0265625