3 0.3140625 0.44296875 0.0328125 0.059375
54 0.81796875 0.31640625 0.0859375 0.0859375
54 0.07109375 0.56015625 0.071875 0.0796875
54 0.90078125 0.64921875 0.0859375 0.0859375
54 0.84453125 0.64453125 0.071875 0.0796875
57 0.509375 0.41328125 0.1140625 0.028125
32 0.4 0.453125 0.0375 0.0609375
54 0.12578125 0.565625 0.0859375 0.0859375
54 0.76328125 0.3109375 0.075 0.078125
58 0.09453125 0.63515625 0.0359375 0.025
55 0.8015625 0.4296875 0.0296875 0.0296875
53 0.49375 0.5625 0.0328125 0.0234375
58 0.8703125 0.71640625 0.046875 0.0265625
58 0.4703125 0.8 0.040625 0.0296875
58 0.7875 0.384375 0.034375 0.025
58 0.24453125 0.32734375 0.0359375 0.025
56 0.76640625 0.8328125 0.39375 0.115625
49 0.48359375 0.69765625 0.034375 0.0625
50 0.48359375 0.69765625 0.0359375 0.0625
24 0.48359375 0.4625 0.034375 0.0640625
40 0.43359375 0.69609375 0.0359375 0.0625