54 0.8265625 0.33359375 0.0765625 0.0828125
54 0.95234375 0.52265625 0.078125 0.0859375
54 0.8984375 0.5125 0.0890625 0.0890625
54 0.77265625 0.3265625 0.0890625 0.090625
36 0.690625 0.49375 0.0375 0.0609375
58 0.45234375 0.79921875 0.06875 0.0359375
58 0.78359375 0.39921875 0.059375 0.03125
55 0.68046875 0.66953125 0.028125 0.028125
58 0.24609375 0.315625 0.059375 0.0296875
58 0.5265625 0.32109375 0.053125 0.03125
58 0.08125 0.45546875 0.065625 0.03125
58 0.91015625 0.5875 0.059375 0.0296875
58 0.18125 0.65703125 0.0625 0.03125
58 0.753125 0.74765625 0.053125 0.0296875
29 0.609375 0.48125 0.034375 0.0609375
37 0.44296875 0.453125 0.0328125 0.059375
53 0.48984375 0.56171875 0.04375 0.025
58 0.4984375 0.58828125 0.0203125 0.028125
27 0.52578125 0.46953125 0.0328125 0.059375
57 0.51171875 0.41640625 0.1265625 0.0359375