0 0.43515625 0.46640625 0.0296875 0.0578125
57 0.4953125 0.4125 0.125 0.0203125
53 0.50078125 0.5640625 0.040625 0.01875
55 0.56640625 0.64296875 0.0265625 0.0265625
9 0.68828125 0.4609375 0.025 0.05625
12 0.51953125 0.4640625 0.0296875 0.059375
58 0.50546875 0.8015625 0.0546875 0.028125
52 0.4953125 0.315625 0.046875 0.0234375
52 0.07890625 0.52890625 0.0453125 0.01875
3 0.60390625 0.4625 0.0296875 0.059375
58 0.91875 0.51484375 0.0453125 0.0234375
8 0.915625 0.42109375 0.0296875 0.0578125
14 0.35078125 0.46640625 0.028125 0.0546875
12 0.075 0.43515625 0.028125 0.0578125
25 0.12109375 0.4390625 0.028125 0.0546875
4 0.075 0.43515625 0.03125 0.0578125
8 0.915625 0.42109375 0.0296875 0.0578125
28 0.959375 0.425 0.0296875 0.0546875
5 0.12109375 0.4375 0.028125 0.0546875