12 0.4359375 0.4640625 0.0265625 0.059375
4 0.6046875 0.4640625 0.0265625 0.0578125
57 0.4984375 0.4109375 0.1265625 0.01875
58 0.5 0.8 0.05625 0.0265625
7 0.5203125 0.4625 0.0265625 0.0578125
53 0.5 0.5640625 0.04375 0.021875
58 0.078125 0.5203125 0.0515625 0.021875
58 0.19375 0.3609375 0.0484375 0.025
55 0.8421875 0.5390625 0.0265625 0.0265625
58 0.596875 0.3171875 0.05 0.021875
58 0.209375 0.703125 0.0484375 0.021875
58 0.790625 0.703125 0.05 0.021875
58 0.4015625 0.3171875 0.0515625 0.021875
58 0.8078125 0.3609375 0.0515625 0.025
58 0.91875 0.5203125 0.05 0.021875
30 0.4953125 0.6953125 0.0265625 0.053125
33 0.546875 0.7 0.0265625 0.05
30 0.353125 0.4640625 0.021875 0.0546875
10 0.690625 0.4625 0.025 0.0546875
29 0.3515625 0.4640625 0.0234375 0.0546875