0 0.0828125 0.428125 0.0265625 0.05625
48 0.4796875 0.4640625 0.028125 0.059375
52 0.5015625 0.803125 0.053125 0.0265625
34 0.3109375 0.4625 0.0265625 0.05625
57 0.5015625 0.4125 0.121875 0.015625
55 0.165625 0.540625 0.028125 0.028125
52 0.08125 0.5203125 0.04375 0.0203125
52 0.5015625 0.3171875 0.0484375 0.0203125
12 0.9234375 0.428125 0.028125 0.0578125
20 0.878125 0.4328125 0.0296875 0.0546875
53 0.40625 0.5890625 0.0453125 0.0203125
26 0.5046875 0.7 0.03125 0.0609375
53 0.5 0.5640625 0.0421875 0.0203125
58 0.9234375 0.521875 0.0546875 0.0203125
40 0.0375 0.4296875 0.028125 0.053125
19 0.453125 0.703125 0.03125 0.0625
27 0.4546875 0.703125 0.03125 0.0609375
21 0.3953125 0.4640625 0.0203125 0.05625