28 0.48125 0.46328125 0.028125 0.0578125
58 0.48984375 0.8015625 0.06875 0.028125
57 0.5046875 0.4140625 0.125 0.021875
55 0.46171875 0.35 0.028125 0.0265625
52 0.1046875 0.6640625 0.046875 0.021875
58 0.884375 0.69140625 0.059375 0.0234375
58 0.14453125 0.375 0.06875 0.025
53 0.49765625 0.5640625 0.040625 0.0203125
30 0.396875 0.46015625 0.028125 0.0578125
58 0.50625 0.31875 0.059375 0.0234375
58 0.86328125 0.4015625 0.059375 0.0234375
15 0.3125 0.459375 0.028125 0.0578125
0 0.890625 0.59375 0.028125 0.05
3 0.890625 0.59375 0.028125 0.05
22 0.8453125 0.59765625 0.0328125 0.0453125