12 0.60625 0.47265625 0.0296875 0.059375
57 0.503125 0.4140625 0.1234375 0.025
35 0.690625 0.47578125 0.0296875 0.0578125
22 0.91875 0.4515625 0.0328125 0.0578125
58 0.484375 0.80234375 0.0546875 0.0296875
55 0.83203125 0.559375 0.0296875 0.028125
49 0.521875 0.46640625 0.0296875 0.0578125
52 0.5078125 0.3171875 0.05 0.0234375
53 0.4953125 0.565625 0.0421875 0.0203125
36 0.4359375 0.4640625 0.0296875 0.059375
52 0.91875 0.5453125 0.0484375 0.0234375
0 0.07890625 0.409375 0.03125 0.0578125
58 0.07890625 0.5015625 0.05 0.0234375
2 0.35390625 0.4578125 0.0296875 0.0578125
6 0.12578125 0.41328125 0.0328125 0.0546875
33 0.965625 0.45859375 0.0296875 0.05625
35 0.690625 0.47578125 0.0296875 0.0578125