12 0.47578125 0.22578125 0.0328125 0.0609375
57 0.4921875 0.4140625 0.1265625 0.0296875
11 0.3921875 0.4765625 0.0359375 0.0609375
47 0.4296875 0.234375 0.0359375 0.059375
55 0.4515625 0.6515625 0.0296875 0.0296875
52 0.4828125 0.31953125 0.0484375 0.0265625
3 0.4765625 0.46796875 0.034375 0.0609375
58 0.53203125 0.803125 0.0609375 0.0328125
53 0.50703125 0.5640625 0.04375 0.0234375
52 0.921875 0.47734375 0.0484375 0.0234375
28 0.6453125 0.4484375 0.034375 0.0625
58 0.0859375 0.5671875 0.0515625 0.0265625
44 0.86875 0.39375 0.034375 0.0578125
26 0.30859375 0.484375 0.034375 0.0609375
29 0.56015625 0.4578125 0.03125 0.059375
25 0.4765625 0.70859375 0.0375 0.0625
17 0.56171875 0.45703125 0.03125 0.0578125
38 0.915625 0.3859375 0.034375 0.0578125
10 0.915625 0.3859375 0.034375 0.0578125
1 0.52578125 0.6984375 0.0359375 0.065625
5 0.47578125 0.70703125 0.0359375 0.0625