49 0.20546875 0.25703125 0.028125 0.05625
18 0.48125 0.46328125 0.028125 0.0578125
57 0.503125 0.4125 0.1265625 0.025
50 0.3125 0.45625 0.028125 0.0578125
53 0.4046875 0.5859375 0.0421875 0.0203125
53 0.49765625 0.5640625 0.040625 0.0203125
52 0.60625 0.32109375 0.0484375 0.0234375
58 0.4890625 0.803125 0.05625 0.028125
55 0.37578125 0.3453125 0.028125 0.028125
52 0.2 0.35 0.0453125 0.021875
53 0.5890625 0.5921875 0.0296875 0.01875
22 0.565625 0.46640625 0.028125 0.05625
58 0.08046875 0.50703125 0.0484375 0.0234375
58 0.91953125 0.53671875 0.0484375 0.0234375
51 0.15859375 0.25703125 0.03125 0.0609375
38 0.64921875 0.46953125 0.028125 0.0578125
52 0.409375 0.3140625 0.0453125 0.021875
26 0.396875 0.46015625 0.0296875 0.05625
42 0.88046875 0.44609375 0.028125 0.05625
44 0.4140625 0.221875 0.028125 0.05625
27 0.6125 0.22734375 0.0296875 0.05625
44 0.4140625 0.221875 0.028125 0.05625
27 0.6109375 0.22734375 0.028125 0.05625
29 0.5640625 0.23046875 0.0265625 0.05625
40 0.36875 0.221875 0.0296875 0.05625
14 0.92734375 0.44609375 0.028125 0.05625