1 0.30859375 0.4875 0.03125 0.0609375
19 0.3921875 0.4765625 0.0359375 0.059375
8 0.4765625 0.46953125 0.034375 0.0609375
32 0.4765625 0.71171875 0.0390625 0.0671875
0 0.52578125 0.703125 0.0375 0.06875
54 0.5421875 0.24765625 0.078125 0.0875
54 0.5984375 0.24140625 0.0890625 0.09375
54 0.88046875 0.415625 0.075 0.0828125
54 0.93671875 0.40859375 0.0828125 0.090625
55 0.84453125 0.50625 0.034375 0.034375
57 0.49296875 0.415625 0.1296875 0.0359375
58 0.58046875 0.3125 0.05625 0.028125
58 0.38515625 0.33125 0.05625 0.03125
58 0.18125 0.396875 0.0578125 0.0328125
58 0.084375 0.56875 0.059375 0.0328125
58 0.234375 0.73671875 0.0296875 0.03125
58 0.53359375 0.8046875 0.065625 0.034375
58 0.809375 0.6765625 0.05625 0.03125
58 0.92109375 0.4828125 0.05625 0.028125
53 0.50859375 0.56640625 0.05 0.025
58 0.79375 0.334375 0.0546875 0.028125