34 0.86328125 0.37421875 0.0375 0.0578125
53 0.51171875 0.56328125 0.04375 0.025
57 0.48671875 0.41484375 0.128125 0.0375
47 0.390625 0.48125 0.0375 0.0625
55 0.1765625 0.59375 0.0328125 0.03125
37 0.3078125 0.49375 0.03125 0.0578125
52 0.08984375 0.5875 0.05 0.028125
58 0.546875 0.79765625 0.0578125 0.034375
51 0.5578125 0.4546875 0.034375 0.059375
58 0.9203125 0.45703125 0.0625 0.03125
15 0.47421875 0.46953125 0.0375 0.0609375
41 0.0328125 0.50625 0.0375 0.0609375
38 0.6421875 0.44140625 0.034375 0.059375
5 0.07734375 0.49765625 0.0296875 0.059375
7 0.9078125 0.365625 0.0328125 0.05625