9 0.3984375 0.453125 0.0296875 0.0609375
57 0.5140625 0.41171875 0.128125 0.0375
54 0.59765625 0.25703125 0.075 0.0828125
54 0.79609375 0.66875 0.0859375 0.0875
54 0.1140625 0.40234375 0.0875 0.0859375
54 0.16484375 0.58984375 0.0703125 0.075
54 0.059375 0.3953125 0.0734375 0.08125
54 0.65234375 0.26171875 0.0859375 0.0875
54 0.40390625 0.23125 0.071875 0.08125
54 0.4578125 0.23828125 0.0875 0.0859375
49 0.3171875 0.43984375 0.0328125 0.0578125
54 0.73984375 0.66171875 0.0703125 0.0796875
54 0.21875 0.59609375 0.084375 0.08125
34 0.484375 0.46015625 0.0328125 0.059375
54 0.8 0.32421875 0.0734375 0.08125
54 0.8546875 0.33125 0.0890625 0.0875
58 0.46328125 0.79765625 0.0609375 0.0328125
58 0.08203125 0.46875 0.05 0.028125
53 0.4921875 0.56328125 0.0453125 0.0265625
58 0.82109375 0.39921875 0.0515625 0.03125
58 0.6203125 0.33046875 0.053125 0.028125
58 0.76328125 0.73984375 0.0515625 0.028125
58 0.4265625 0.30546875 0.053125 0.028125
55 0.41875 0.63359375 0.0296875 0.0296875
58 0.18828125 0.66796875 0.0515625 0.028125
58 0.21171875 0.32421875 0.0515625 0.028125
58 0.91640625 0.5734375 0.0265625 0.025