57 0.5 0.4125 0.125 0.0203125
54 0.18359375 0.62578125 0.0796875 0.0796875
54 0.20078125 0.27890625 0.08125 0.0796875
54 0.23828125 0.625 0.065625 0.075
54 0.25703125 0.28046875 0.0703125 0.0765625
13 0.52265625 0.4640625 0.025 0.05625
47 0.60546875 0.465625 0.028125 0.0578125
58 0.49453125 0.803125 0.053125 0.0265625
58 0.20546875 0.69921875 0.034375 0.0203125
58 0.91796875 0.53046875 0.046875 0.021875
58 0.22421875 0.3515625 0.0515625 0.0265625
53 0.49765625 0.5640625 0.040625 0.0203125
58 0.76640625 0.3609375 0.034375 0.0203125
58 0.503125 0.31875 0.05 0.0234375
58 0.78515625 0.709375 0.046875 0.0234375
55 0.56171875 0.64453125 0.0265625 0.0234375
15 0.35234375 0.46171875 0.028125 0.0546875
50 0.43671875 0.46328125 0.028125 0.0546875
5 0.68984375 0.4671875 0.028125 0.05625