55 0.64921875 0.36953125 0.03125 0.028125
54 0.21796875 0.59609375 0.0890625 0.0890625
58 0.4578125 0.8 0.0625 0.034375
54 0.25078125 0.25390625 0.0890625 0.090625
54 0.1953125 0.2453125 0.078125 0.084375
58 0.18515625 0.6625 0.0546875 0.03125
54 0.1625 0.58671875 0.075 0.0796875
57 0.5140625 0.41328125 0.1265625 0.0375
58 0.21484375 0.31953125 0.0546875 0.03125
58 0.08046875 0.46328125 0.0546875 0.028125
58 0.4296875 0.30546875 0.0546875 0.028125
58 0.91484375 0.58203125 0.0578125 0.0296875
53 0.49140625 0.56328125 0.046875 0.028125
58 0.759375 0.74140625 0.053125 0.028125
58 0.6234375 0.33125 0.0546875 0.028125
58 0.82421875 0.40390625 0.0296875 0.0265625
44 0.3171875 0.43984375 0.034375 0.0578125
0 0.48515625 0.46171875 0.034375 0.0625
38 0.56875 0.4734375 0.034375 0.059375
24 0.40078125 0.4515625 0.0359375 0.0625