34 0.878125 0.4328125 0.0296875 0.0546875
57 0.5 0.4125 0.1359375 0.01875
0 0.3109375 0.465625 0.0296875 0.059375
23 0.3953125 0.465625 0.028125 0.0578125
55 0.4359375 0.64375 0.0265625 0.0265625
50 0.084375 0.428125 0.0265625 0.05625
52 0.5015625 0.3171875 0.046875 0.021875
8 0.5640625 0.465625 0.028125 0.0578125
28 0.65 0.4640625 0.028125 0.059375
58 0.5 0.8015625 0.0703125 0.028125
52 0.08125 0.5203125 0.0453125 0.01875
52 0.921875 0.521875 0.0484375 0.01875
53 0.4078125 0.590625 0.0515625 0.0203125
53 0.5 0.565625 0.040625 0.0203125
7 0.503125 0.2234375 0.028125 0.0546875
11 0.9234375 0.428125 0.0296875 0.0546875
38 0.4796875 0.4640625 0.0265625 0.05625
33 0.4578125 0.228125 0.0265625 0.0546875
55 0.321875 0.5671875 0.021875 0.021875
39 0.0375 0.4328125 0.028125 0.0546875
40 0.4546875 0.70625 0.028125 0.0578125