31 0.878125 0.43125 0.0296875 0.05625
22 0.3953125 0.4640625 0.0265625 0.05625
57 0.5015625 0.4125 0.13125 0.0171875
19 0.190625 0.2671875 0.028125 0.0546875
51 0.3109375 0.4625 0.0296875 0.0578125
52 0.921875 0.521875 0.0484375 0.0203125
58 0.5 0.803125 0.065625 0.0265625
58 0.234375 0.3578125 0.0484375 0.021875
55 0.7828125 0.3953125 0.025 0.025
58 0.08125 0.521875 0.0578125 0.021875
58 0.2109375 0.70625 0.05 0.021875
58 0.5 0.31875 0.0484375 0.025
58 0.7890625 0.7046875 0.0578125 0.021875
58 0.7796875 0.35625 0.0546875 0.021875
18 0.2390625 0.2640625 0.0265625 0.05
53 0.5 0.565625 0.05 0.0203125
49 0.9234375 0.43125 0.025 0.053125
1 0.4796875 0.4640625 0.025 0.059375
29 0.9234375 0.43125 0.025 0.053125