16 0.6875 0.465625 0.03125 0.059375
36 0.5203125 0.465625 0.0296875 0.05625
35 0.6046875 0.465625 0.0296875 0.0546875
43 0.434375 0.4671875 0.028125 0.05625
3 0.35 0.4671875 0.028125 0.05625
54 0.171875 0.321875 0.065625 0.0734375
54 0.115625 0.3203125 0.0765625 0.078125
54 0.140625 0.6109375 0.0671875 0.071875
54 0.084375 0.6109375 0.075 0.0765625
53 0.5 0.5671875 0.0515625 0.0171875
55 0.2234375 0.39375 0.03125 0.0296875
58 0.5 0.321875 0.0640625 0.021875
58 0.1390625 0.390625 0.059375 0.0203125
58 0.1078125 0.68125 0.0625 0.025
58 0.4984375 0.80625 0.06875 0.028125
52 0.8875 0.6796875 0.0515625 0.0203125
57 0.5 0.4171875 0.1328125 0.01875