57 0.4953125 0.4140625 0.128125 0.0234375
51 0.07265625 0.44609375 0.0328125 0.0578125
55 0.1671875 0.55546875 0.0328125 0.028125
52 0.07890625 0.53828125 0.0484375 0.0234375
58 0.5109375 0.803125 0.0578125 0.028125
53 0.50234375 0.565625 0.04375 0.0234375
58 0.49375 0.31875 0.053125 0.025
52 0.91953125 0.50703125 0.0453125 0.021875
32 0.96015625 0.41796875 0.0328125 0.0578125
33 0.11953125 0.44765625 0.03125 0.05625
26 0.68046875 0.465625 0.028125 0.0578125
1 0.91484375 0.41484375 0.025 0.0546875