54 0.1734375 0.59921875 0.0875 0.0859375
57 0.5078125 0.4125 0.1171875 0.0328125
54 0.8046875 0.665625 0.0734375 0.0796875
54 0.228125 0.6046875 0.071875 0.0796875
54 0.7515625 0.66015625 0.0875 0.084375
54 0.81796875 0.31640625 0.0734375 0.0796875
54 0.11796875 0.4109375 0.0734375 0.0828125
54 0.27734375 0.2578125 0.075 0.0796875
54 0.22265625 0.25234375 0.0859375 0.084375
54 0.8984375 0.49140625 0.0859375 0.0859375
54 0.953125 0.49765625 0.075 0.0796875
54 0.76328125 0.3125 0.0875 0.0875
54 0.0640625 0.40390625 0.0875 0.0859375
58 0.078125 0.47578125 0.0578125 0.0296875
53 0.49375 0.5625 0.0328125 0.021875
53 0.70703125 0.42890625 0.028125 0.0203125
58 0.4671875 0.8 0.06875 0.034375
55 0.83359375 0.56640625 0.03125 0.03125
58 0.915625 0.5640625 0.0515625 0.0265625
58 0.77734375 0.384375 0.0578125 0.0296875
58 0.19140625 0.671875 0.059375 0.0265625
58 0.76640625 0.73203125 0.0515625 0.0265625
53 0.35390625 0.3921875 0.0296875 0.0203125
58 0.23828125 0.3265625 0.0578125 0.028125
30 0.47421875 0.6984375 0.0328125 0.059375
26 0.47421875 0.6984375 0.034375 0.059375
27 0.525 0.70703125 0.0375 0.0640625