49 0.4734375 0.6984375 0.0390625 0.0671875
12 0.31875 0.43515625 0.0359375 0.0625
57 0.51484375 0.415625 0.125 0.0375
55 0.4140625 0.63203125 0.0296875 0.0296875
52 0.0828125 0.45625 0.05 0.028125
36 0.05546875 0.36171875 0.0359375 0.0578125
53 0.48984375 0.56328125 0.0453125 0.0265625
52 0.45390625 0.8 0.0578125 0.0328125
58 0.91328125 0.5890625 0.0515625 0.0296875
17 0.40234375 0.4484375 0.03125 0.059375
23 0.9296875 0.4953125 0.0375 0.059375
37 0.4234375 0.69375 0.0375 0.0625
21 0.09921875 0.365625 0.034375 0.059375
1 0.56875 0.47421875 0.0328125 0.059375
15 0.65234375 0.4875 0.034375 0.059375
42 0.884375 0.49140625 0.034375 0.0578125
4 0.48671875 0.46171875 0.0359375 0.0625