38 0.4640625 0.71640625 0.03125 0.0546875
54 0.1 0.3375 0.0734375 0.0796875
3 0.39375 0.46953125 0.0296875 0.0578125
54 0.81953125 0.3 0.071875 0.078125
54 0.15625 0.33515625 0.0828125 0.0859375
57 0.496875 0.4140625 0.125 0.0234375
54 0.87265625 0.29765625 0.0859375 0.0828125
58 0.515625 0.79921875 0.0546875 0.0296875
53 0.503125 0.5625 0.04375 0.0203125
58 0.4921875 0.3171875 0.0546875 0.0265625
53 0.73125 0.4015625 0.0453125 0.0234375
53 0.26015625 0.425 0.046875 0.021875
55 0.76875 0.375 0.028125 0.028125
58 0.89921875 0.65625 0.0546875 0.0265625
58 0.853125 0.36875 0.053125 0.0234375
58 0.13671875 0.40625 0.053125 0.0265625
58 0.12109375 0.696875 0.05 0.0234375
24 0.309375 0.47421875 0.0296875 0.059375
5 0.515625 0.71328125 0.0265625 0.059375
5 0.478125 0.46328125 0.0296875 0.059375
28 0.309375 0.47421875 0.0296875 0.059375
6 0.478125 0.46484375 0.0296875 0.059375