57 0.509375 0.41484375 0.1265625 0.028125
54 0.1234375 0.290625 0.0734375 0.08125
54 0.178125 0.29296875 0.0828125 0.0828125
53 0.4953125 0.5640625 0.04375 0.025
55 0.42578125 0.640625 0.028125 0.028125
58 0.47890625 0.80234375 0.05625 0.0296875
21 0.3125 0.45078125 0.028125 0.0578125
58 0.5125 0.31953125 0.0515625 0.028125
58 0.87734375 0.703125 0.053125 0.025
58 0.14921875 0.3640625 0.053125 0.028125
58 0.09765625 0.65078125 0.0515625 0.0265625
58 0.86640625 0.4109375 0.0515625 0.025
34 0.3984375 0.45703125 0.0296875 0.0578125
1 0.48203125 0.4625 0.03125 0.059375
46 0.4390625 0.70234375 0.0375 0.059375
39 0.4890625 0.703125 0.0328125 0.0609375