3 0.4734375 0.46640625 0.0375 0.0609375
54 0.1578125 0.66484375 0.0890625 0.0875
54 0.10234375 0.675 0.078125 0.084375
53 0.5125 0.5609375 0.046875 0.028125
42 0.390625 0.48125 0.0359375 0.0609375
57 0.48671875 0.41328125 0.13125 0.040625
58 0.46796875 0.3203125 0.0546875 0.0328125
58 0.146875 0.73828125 0.05 0.028125
58 0.915625 0.60625 0.0546875 0.0328125
58 0.55234375 0.796875 0.0609375 0.0359375
55 0.209375 0.43671875 0.03125 0.03125
58 0.128125 0.45 0.053125 0.0296875
25 0.30703125 0.49609375 0.0328125 0.059375