54 0.1375 0.325 0.065625 0.0734375
20 0.3953125 0.4640625 0.0265625 0.05625
58 0.83125 0.4 0.034375 0.0203125
56 0.796875 0.809375 0.3828125 0.078125
47 0.5046875 0.7 0.0296875 0.059375
54 0.19375 0.325 0.0765625 0.078125
55 0.8109375 0.44375 0.0296875 0.028125
58 0.16875 0.4 0.0359375 0.021875
41 0.453125 0.7015625 0.028125 0.05625
57 0.5 0.4125 0.1125 0.0171875
42 0.309375 0.4640625 0.0265625 0.05625
53 0.5 0.5625 0.03125 0.021875
4 0.4796875 0.4640625 0.0265625 0.0578125
15 0.5640625 0.4640625 0.0265625 0.05625
15 0.5625 0.4640625 0.0265625 0.0578125
58 0.5015625 0.80625 0.0390625 0.0265625