9 0.609375 0.4765625 0.0296875 0.059375
57 0.50625 0.4109375 0.128125 0.034375
54 0.459375 0.24140625 0.0734375 0.08125
54 0.17421875 0.59765625 0.084375 0.0859375
54 0.8984375 0.49140625 0.0859375 0.084375
54 0.80625 0.6625 0.06875 0.0734375
54 0.953125 0.49765625 0.0734375 0.0796875
54 0.40546875 0.23359375 0.084375 0.0859375
54 0.65390625 0.26015625 0.071875 0.0796875
54 0.6 0.2546875 0.0859375 0.084375
49 0.6921875 0.4828125 0.0328125 0.0578125
54 0.2296875 0.60390625 0.0703125 0.078125
54 0.75234375 0.65703125 0.084375 0.0796875
34 0.52421875 0.46484375 0.0328125 0.059375
54 0.246875 0.2609375 0.0734375 0.0796875
54 0.19296875 0.25546875 0.0875 0.0859375
58 0.46875 0.7984375 0.0609375 0.0328125
58 0.9140625 0.5640625 0.05 0.0265625
53 0.49296875 0.5640625 0.0453125 0.0265625
58 0.21015625 0.3296875 0.0515625 0.0296875
58 0.42109375 0.3078125 0.053125 0.0265625
58 0.1890625 0.675 0.0515625 0.0265625
58 0.615625 0.3265625 0.053125 0.0265625
55 0.54921875 0.6484375 0.0296875 0.0296875
58 0.76640625 0.73359375 0.0515625 0.0265625
58 0.8203125 0.39375 0.0515625 0.0265625
58 0.078125 0.47734375 0.025 0.0234375