22 0.390625 0.48125 0.034375 0.059375
31 0.8625 0.37265625 0.0375 0.0609375
4 0.5578125 0.45625 0.0359375 0.0625
19 0.1578125 0.31875 0.0359375 0.0578125
1 0.47421875 0.46796875 0.034375 0.0625
52 0.9203125 0.45546875 0.05 0.028125
51 0.30703125 0.4921875 0.0375 0.0609375
57 0.4859375 0.41328125 0.1359375 0.0375
58 0.54765625 0.79921875 0.06875 0.0359375
58 0.215625 0.40078125 0.0515625 0.03125
58 0.08984375 0.5875 0.0609375 0.03125
55 0.76328125 0.35234375 0.028125 0.028125
58 0.4734375 0.32109375 0.053125 0.0296875
58 0.2453125 0.74765625 0.0515625 0.03125
58 0.81875 0.65703125 0.0625 0.0296875
48 0.6421875 0.44140625 0.0375 0.0609375
58 0.75546875 0.3140625 0.05625 0.028125
58 0.75234375 0.31640625 0.05625 0.0296875
53 0.51015625 0.56328125 0.053125 0.028125
49 0.90703125 0.3640625 0.0328125 0.05625
18 0.20390625 0.3078125 0.0328125 0.0546875
29 0.9078125 0.365625 0.0328125 0.05625