57 0.5140625 0.41328125 0.1171875 0.034375
54 0.82421875 0.3265625 0.0875 0.0875
54 0.83984375 0.6546875 0.0734375 0.08125
54 0.8953125 0.6625 0.0875 0.0875
54 0.7703125 0.31875 0.0765625 0.0828125
49 0.4234375 0.69765625 0.0375 0.0625
58 0.08984375 0.6203125 0.0375 0.0265625
51 0.31796875 0.43671875 0.0375 0.0609375
58 0.8640625 0.7296875 0.0359375 0.0265625
10 0.48515625 0.46015625 0.0359375 0.0609375
55 0.22734375 0.5890625 0.03125 0.0296875
58 0.459375 0.79921875 0.05625 0.0328125
33 0.56875 0.4734375 0.034375 0.0625
58 0.24921875 0.31953125 0.0390625 0.0265625
29 0.4765625 0.6984375 0.034375 0.065625
58 0.790625 0.39453125 0.0390625 0.0265625
53 0.490625 0.56484375 0.0375 0.025
21 0.4 0.45 0.034375 0.059375