11 0.484375 0.46171875 0.034375 0.0625
51 0.42734375 0.70703125 0.0375 0.059375
57 0.5125 0.41328125 0.11875 0.0328125
12 0.31640625 0.44140625 0.034375 0.0609375
47 0.56796875 0.471875 0.034375 0.0609375
1 0.40078125 0.4515625 0.03125 0.059375
58 0.0921875 0.628125 0.034375 0.0234375
55 0.41875 0.63515625 0.0296875 0.028125
52 0.86640625 0.72265625 0.046875 0.0265625
58 0.7890625 0.390625 0.0515625 0.028125
58 0.24765625 0.32421875 0.0484375 0.028125
29 0.6515625 0.48203125 0.03125 0.0609375
58 0.46484375 0.79921875 0.0546875 0.03125
35 0.83515625 0.628125 0.0359375 0.053125
53 0.4921875 0.56328125 0.0328125 0.021875
23 0.47890625 0.71328125 0.0375 0.0640625
7 0.80390625 0.29609375 0.0328125 0.0578125
13 0.88125 0.62890625 0.028125 0.05
35 0.834375 0.62578125 0.0359375 0.053125
27 0.7578125 0.2953125 0.0359375 0.0609375