54 0.134375 0.609375 0.078125 0.078125
54 0.078125 0.6109375 0.065625 0.078125
58 0.109375 0.6796875 0.05 0.0203125
55 0.7765625 0.625 0.0296875 0.028125
58 0.5 0.8046875 0.0578125 0.0296875
58 0.1421875 0.3890625 0.05 0.021875
58 0.890625 0.678125 0.05 0.0234375
57 0.5015625 0.4140625 0.1265625 0.01875
58 0.5 0.31875 0.053125 0.021875
58 0.859375 0.3890625 0.0515625 0.021875
53 0.5 0.5640625 0.04375 0.0234375
56 0.7984375 0.809375 0.3828125 0.08125
29 0.3109375 0.4671875 0.0265625 0.0578125
45 0.3953125 0.4671875 0.0234375 0.05625
40 0.4796875 0.4671875 0.025 0.05625
28 0.4546875 0.70625 0.0296875 0.059375
23 0.5046875 0.7015625 0.0296875 0.0609375