57 0.51171875 0.41484375 0.1296875 0.0359375
12 0.0890625 0.37109375 0.0359375 0.0609375
55 0.1625 0.496875 0.0328125 0.0296875
20 0.92265625 0.48828125 0.0375 0.059375
52 0.91171875 0.5796875 0.0453125 0.025
58 0.4578125 0.8 0.0609375 0.034375
52 0.5234375 0.3203125 0.0515625 0.028125
53 0.490625 0.56484375 0.046875 0.0265625
58 0.07890625 0.46640625 0.0265625 0.021875
30 0.5796875 0.23671875 0.0359375 0.05625
38 0.134375 0.38203125 0.034375 0.0578125
25 0.96875 0.4984375 0.0328125 0.0578125
27 0.53515625 0.22890625 0.0296875 0.05625