57 0.5015625 0.4125 0.125 0.01875
54 0.8140625 0.63125 0.078125 0.078125
54 0.803125 0.284375 0.0796875 0.078125
54 0.759375 0.6296875 0.0640625 0.0734375
54 0.746875 0.284375 0.06875 0.075
13 0.478125 0.4640625 0.0234375 0.05625
47 0.3953125 0.4640625 0.0265625 0.0578125
58 0.5 0.803125 0.053125 0.025
58 0.790625 0.7046875 0.034375 0.0203125
58 0.08125 0.5234375 0.046875 0.0203125
58 0.778125 0.35625 0.0515625 0.025
53 0.5015625 0.5640625 0.040625 0.0203125
58 0.2359375 0.35625 0.034375 0.0203125
58 0.5 0.31875 0.05 0.021875
58 0.2109375 0.7046875 0.046875 0.021875
55 0.4359375 0.64375 0.0265625 0.0234375
15 0.6484375 0.4640625 0.0265625 0.0546875
50 0.5640625 0.4640625 0.0265625 0.0546875
5 0.3109375 0.4640625 0.0265625 0.05625