54 0.81484375 0.62890625 0.08125 0.0796875
54 0.76015625 0.63125 0.0671875 0.075
55 0.83984375 0.5265625 0.0296875 0.0265625
54 0.88828125 0.44453125 0.06875 0.075
54 0.94296875 0.4453125 0.0796875 0.0796875
58 0.50703125 0.803125 0.040625 0.0234375
58 0.21484375 0.7109375 0.05 0.0234375
58 0.921875 0.51640625 0.0359375 0.021875
58 0.79453125 0.69921875 0.034375 0.0203125
58 0.4984375 0.3171875 0.0359375 0.021875
57 0.5015625 0.415625 0.115625 0.0234375
58 0.77578125 0.3515625 0.0359375 0.021875
53 0.6890625 0.5921875 0.0234375 0.021875
53 0.50703125 0.6234375 0.0203125 0.025
28 0.45703125 0.70703125 0.028125 0.0578125
3 0.50859375 0.703125 0.0328125 0.05625
53 0.503125 0.56875 0.0171875 0.0171875