20 0.91953125 0.44296875 0.0296875 0.0578125
0 0.3515625 0.46015625 0.0296875 0.0609375
42 0.521875 0.46484375 0.028125 0.0578125
57 0.5015625 0.4125 0.134375 0.0234375
55 0.165625 0.53046875 0.03125 0.028125
43 0.4375 0.46171875 0.0296875 0.0578125
52 0.5046875 0.3171875 0.046875 0.0234375
52 0.91796875 0.53515625 0.0453125 0.0203125
58 0.07734375 0.50859375 0.0578125 0.0234375
17 0.68984375 0.4703125 0.0296875 0.0578125
49 0.12421875 0.41796875 0.03125 0.05625
53 0.49921875 0.5640625 0.0453125 0.0203125
52 0.48828125 0.8015625 0.053125 0.025
41 0.60625 0.46796875 0.028125 0.059375
48 0.53828125 0.7015625 0.034375 0.0515625
28 0.96484375 0.44921875 0.0296875 0.05625
24 0.48828125 0.6953125 0.0328125 0.05625
5 0.0796875 0.41328125 0.028125 0.059375
48 0.53828125 0.7015625 0.034375 0.0515625
24 0.48828125 0.696875 0.0328125 0.05625
5 0.0796875 0.41328125 0.028125 0.059375