55 0.15859375 0.48828125 0.03125 0.03125
58 0.4640625 0.80234375 0.0546875 0.03125
58 0.9140625 0.57578125 0.05 0.0265625
58 0.240625 0.328125 0.0515625 0.028125
52 0.1859375 0.67109375 0.0484375 0.0265625
58 0.07890625 0.4703125 0.0375 0.0234375
57 0.50703125 0.4140625 0.1265625 0.0328125
53 0.4921875 0.56640625 0.0453125 0.025
11 0.08828125 0.37890625 0.034375 0.0578125
39 0.6921875 0.4875 0.034375 0.0609375
19 0.24140625 0.5828125 0.0359375 0.05625
22 0.134375 0.3875 0.0328125 0.0578125
11 0.08828125 0.37890625 0.0359375 0.0578125
27 0.52421875 0.46796875 0.0328125 0.0609375
22 0.6078125 0.47890625 0.0328125 0.0640625
18 0.19453125 0.57734375 0.034375 0.05625