30 0.4875 0.7 0.0328125 0.0625
57 0.509375 0.41328125 0.125 0.028125
48 0.4828125 0.4625 0.0328125 0.0609375
22 0.52734375 0.2234375 0.03125 0.0578125
52 0.475 0.80234375 0.0546875 0.03125
23 0.48203125 0.22421875 0.0328125 0.05625
55 0.425 0.6375 0.03125 0.03125
52 0.5171875 0.31796875 0.05 0.0265625
4 0.39921875 0.4546875 0.0328125 0.059375
51 0.4359375 0.6984375 0.0359375 0.065625
38 0.31484375 0.44609375 0.03125 0.059375
53 0.49453125 0.5640625 0.0453125 0.0234375
58 0.91875 0.55859375 0.0515625 0.0265625
14 0.56875 0.46875 0.03125 0.0578125
58 0.07890625 0.48671875 0.0515625 0.028125
27 0.9296875 0.465625 0.0359375 0.0625
46 0.88203125 0.46796875 0.03125 0.053125