54 0.53359375 0.24765625 0.0828125 0.08125
54 0.47890625 0.24765625 0.071875 0.078125
52 0.103125 0.665625 0.0453125 0.01875
55 0.771875 0.634375 0.0328125 0.0296875
54 0.85390625 0.621875 0.065625 0.0734375
53 0.50078125 0.565625 0.0390625 0.021875
58 0.8859375 0.69296875 0.0609375 0.021875
58 0.50625 0.31875 0.0625 0.025
54 0.91015625 0.621875 0.084375 0.078125
57 0.5046875 0.4140625 0.1265625 0.0234375
58 0.490625 0.8046875 0.06875 0.028125
58 0.86328125 0.4015625 0.059375 0.0234375
58 0.14453125 0.3765625 0.06875 0.025
50 0.3125 0.4609375 0.0296875 0.0546875
32 0.396875 0.46171875 0.0265625 0.05625
36 0.48046875 0.46640625 0.0265625 0.0578125
40 0.56484375 0.46796875 0.0265625 0.05625