57 0.50625 0.4140625 0.1265625 0.03125
29 0.5234375 0.465625 0.0296875 0.0609375
55 0.55078125 0.65 0.028125 0.0265625
52 0.471875 0.8015625 0.053125 0.0296875
58 0.0953125 0.6421875 0.0515625 0.0265625
22 0.478125 0.69921875 0.034375 0.0640625
58 0.515625 0.31796875 0.0515625 0.0265625
58 0.871875 0.71171875 0.0515625 0.028125
53 0.49453125 0.565625 0.04375 0.0234375
58 0.86640625 0.41875 0.0515625 0.028125
58 0.1515625 0.35625 0.0515625 0.0265625
32 0.60703125 0.4734375 0.0328125 0.0609375
31 0.91796875 0.3328125 0.034375 0.0578125
10 0.69140625 0.48046875 0.03125 0.0578125
35 0.52734375 0.7078125 0.0359375 0.0625
25 0.4390625 0.46171875 0.0296875 0.0578125
11 0.35546875 0.453125 0.0328125 0.0578125
7 0.87265625 0.32734375 0.0328125 0.05625