57 0.5 0.4125 0.128125 0.01875
36 0.43515625 0.46328125 0.0296875 0.0578125
12 0.0765625 0.42109375 0.0296875 0.0578125
55 0.83359375 0.54453125 0.03125 0.0296875
52 0.5015625 0.3171875 0.0484375 0.021875
53 0.49921875 0.5625 0.04375 0.0203125
58 0.91953125 0.52734375 0.05 0.021875
58 0.49453125 0.8015625 0.05625 0.028125
21 0.52109375 0.4640625 0.028125 0.05625
11 0.35234375 0.46171875 0.03125 0.05625
37 0.60546875 0.4640625 0.0265625 0.0578125
48 0.121875 0.4265625 0.0328125 0.0578125
24 0.68984375 0.4671875 0.03125 0.059375
45 0.965625 0.4359375 0.03125 0.05
58 0.0765625 0.51640625 0.05625 0.021875
1 0.91875 0.43203125 0.025 0.0484375