54 0.2109375 0.68046875 0.090625 0.0875
57 0.48515625 0.4140625 0.1171875 0.0375
54 0.93671875 0.38046875 0.0796875 0.0828125
54 0.26484375 0.6734375 0.075 0.0828125
54 0.05390625 0.521875 0.090625 0.0890625
54 0.759375 0.2421875 0.0765625 0.084375
54 0.884375 0.38828125 0.0875 0.0890625
54 0.70546875 0.25078125 0.090625 0.090625
53 0.51015625 0.56328125 0.034375 0.0234375
54 0.10859375 0.51484375 0.0765625 0.0859375
53 0.68125 0.378125 0.0296875 0.021875
58 0.08671875 0.5875 0.0609375 0.03125
55 0.584375 0.63203125 0.0296875 0.0296875
58 0.54765625 0.79921875 0.065625 0.0375
58 0.203125 0.4015625 0.05 0.028125
58 0.73984375 0.31640625 0.059375 0.0296875
58 0.8171875 0.65546875 0.0625 0.0328125
53 0.81328125 0.4515625 0.0296875 0.021875
58 0.91484375 0.4546875 0.059375 0.0296875
58 0.24609375 0.74609375 0.0609375 0.0296875
58 0.46953125 0.31953125 0.0609375 0.03125
57 0.52421875 0.6546875 0.05 0.0265625
57 0.525 0.65625 0.053125 0.028125
8 0.5265625 0.7 0.0390625 0.0640625
26 0.578125 0.69296875 0.0359375 0.0609375
26 0.578125 0.69296875 0.0375 0.0625