11 0.56015625 0.4578125 0.034375 0.0609375
57 0.4921875 0.4140625 0.1265625 0.0296875
43 0.64375 0.4484375 0.0328125 0.0609375
14 0.3921875 0.475 0.034375 0.0609375
55 0.453125 0.64921875 0.03125 0.03125
58 0.53359375 0.8015625 0.065625 0.034375
58 0.0859375 0.565625 0.059375 0.028125
58 0.22109375 0.38515625 0.0515625 0.028125
58 0.9203125 0.478125 0.0515625 0.0265625
58 0.4828125 0.31953125 0.05 0.028125
58 0.76328125 0.3296875 0.059375 0.028125
58 0.8109375 0.675 0.059375 0.028125
34 0.7578125 0.5890625 0.03125 0.05625
53 0.50703125 0.5640625 0.0421875 0.0234375
13 0.30703125 0.484375 0.03125 0.0609375
1 0.47578125 0.46640625 0.03125 0.059375
25 0.80390625 0.58125 0.03125 0.05625
34 0.7578125 0.5890625 0.03125 0.05625