2 0.225 0.63515625 0.03125 0.05625
42 0.03359375 0.471875 0.0296875 0.053125
57 0.4921875 0.4125 0.13125 0.0328125
22 0.759375 0.2375 0.03125 0.05625
52 0.084375 0.55859375 0.046875 0.021875
23 0.71484375 0.24453125 0.03125 0.05625
55 0.71796875 0.6203125 0.028125 0.0265625
53 0.50703125 0.565625 0.0421875 0.0203125
52 0.2296875 0.72890625 0.0484375 0.025
58 0.76484375 0.3328125 0.05 0.0265625
52 0.921875 0.48359375 0.0484375 0.0265625
53 0.41640625 0.5984375 0.0328125 0.0203125
58 0.5265625 0.80234375 0.0578125 0.03125
53 0.6 0.58203125 0.0296875 0.0203125
58 0.80703125 0.67890625 0.05 0.0265625
58 0.22265625 0.378125 0.0359375 0.025
58 0.484375 0.31796875 0.0515625 0.0265625
27 0.915625 0.39140625 0.0359375 0.059375
41 0.8703125 0.3984375 0.03125 0.05625
48 0.0796875 0.46640625 0.03125 0.0578125
26 0.17734375 0.64453125 0.03125 0.05625
30 0.17734375 0.64453125 0.03125 0.05625
36 0.0796875 0.46484375 0.03125 0.05625