54 0.1515625 0.6390625 0.071875 0.08125
54 0.9296875 0.56875 0.0703125 0.0796875
54 0.096875 0.64375 0.084375 0.084375
55 0.20234375 0.42890625 0.028125 0.028125
54 0.18515625 0.309375 0.084375 0.084375
54 0.23984375 0.30625 0.0703125 0.078125
40 0.5625 0.696875 0.034375 0.0640625
54 0.8734375 0.57421875 0.08125 0.0828125
58 0.128125 0.71171875 0.0484375 0.0265625
58 0.75859375 0.3359375 0.0359375 0.025
57 0.490625 0.41171875 0.1140625 0.0265625
58 0.903125 0.6484375 0.0375 0.0234375
53 0.50546875 0.5625 0.0328125 0.0234375
3 0.68515625 0.44765625 0.03125 0.059375
32 0.60078125 0.45390625 0.0328125 0.059375
58 0.52578125 0.79921875 0.040625 0.028125
50 0.5125 0.6984375 0.0328125 0.0609375
4 0.5171875 0.4625 0.03125 0.0609375
27 0.43359375 0.47265625 0.0296875 0.05625
25 0.34921875 0.47734375 0.0296875 0.0578125
50 0.5125 0.6984375 0.034375 0.0625
24 0.5171875 0.4625 0.0296875 0.0609375
58 0.21484375 0.38203125 0.0328125 0.0234375