49 0.5125 0.7 0.0359375 0.0671875
12 0.68515625 0.44765625 0.03125 0.059375
57 0.490625 0.41484375 0.125 0.028125
55 0.5765625 0.6375 0.028125 0.028125
52 0.91875 0.48359375 0.046875 0.0234375
52 0.5265625 0.80234375 0.0546875 0.0296875
53 0.50546875 0.5640625 0.04375 0.025
58 0.08203125 0.56015625 0.05 0.0265625
17 0.60078125 0.4546875 0.0296875 0.0578125
37 0.5625 0.6984375 0.034375 0.0625
23 0.071875 0.4671875 0.034375 0.0578125
4 0.5171875 0.4625 0.0328125 0.0609375
36 0.953125 0.39296875 0.0328125 0.05625
21 0.909375 0.3921875 0.0328125 0.05625
42 0.1171875 0.46484375 0.034375 0.0578125
21 0.909375 0.3921875 0.0328125 0.05625
1 0.43359375 0.47265625 0.0296875 0.059375