55 0.2234375 0.39375 0.028125 0.028125
58 0.50390625 0.803125 0.05625 0.028125
54 0.925 0.60234375 0.065625 0.075
58 0.8921875 0.67265625 0.05 0.021875
54 0.8671875 0.6 0.0796875 0.0765625
53 0.50078125 0.565625 0.04375 0.021875
58 0.4953125 0.31875 0.0265625 0.021875
57 0.496875 0.4140625 0.1234375 0.021875
58 0.85703125 0.384375 0.0515625 0.025
58 0.1125 0.68671875 0.05 0.0234375
58 0.1390625 0.3953125 0.05 0.0234375
54 0.8859375 0.31171875 0.071875 0.0796875
54 0.8328125 0.31328125 0.08125 0.0828125
40 0.68828125 0.4625 0.0265625 0.0625
43 0.60390625 0.4671875 0.0265625 0.059375
33 0.51953125 0.4671875 0.028125 0.05625
22 0.55078125 0.70546875 0.0296875 0.059375
4 0.49921875 0.703125 0.0328125 0.0609375