54 0.83125 0.58203125 0.0890625 0.0875
54 0.1 0.5109375 0.0875 0.090625
54 0.77734375 0.5921875 0.075 0.08125
54 0.04765625 0.52109375 0.078125 0.0828125
57 0.4875 0.41328125 0.125 0.0359375
58 0.54921875 0.79921875 0.0671875 0.0375
49 0.30703125 0.4921875 0.0359375 0.0625
53 0.52578125 0.62421875 0.040625 0.025
55 0.72578125 0.60546875 0.03125 0.0296875
58 0.91875 0.45546875 0.0640625 0.03125
58 0.21484375 0.39921875 0.0625 0.03125
58 0.08984375 0.5875 0.059375 0.03125
58 0.4734375 0.32109375 0.05 0.0296875
58 0.8171875 0.65703125 0.0625 0.0296875
58 0.75234375 0.31484375 0.0625 0.03125
58 0.24609375 0.74609375 0.0546875 0.0296875
14 0.390625 0.4796875 0.0359375 0.059375
53 0.51015625 0.56328125 0.0421875 0.0234375
21 0.534375 0.6984375 0.0375 0.0625
45 0.48515625 0.7078125 0.0375 0.0625
25 0.47421875 0.46796875 0.034375 0.0625