57 0.4984375 0.4125 0.115625 0.021875
54 0.9171875 0.59140625 0.08125 0.08125
54 0.8609375 0.59375 0.0671875 0.075
53 0.50234375 0.5640625 0.0296875 0.0203125
55 0.2046875 0.40859375 0.028125 0.028125
39 0.39375 0.46796875 0.028125 0.0578125
18 0.478125 0.46484375 0.028125 0.0578125
53 0.509375 0.625 0.021875 0.01875
58 0.896875 0.6625 0.034375 0.0234375
58 0.115625 0.69140625 0.0484375 0.0234375
58 0.76796875 0.3484375 0.0484375 0.0234375
58 0.221875 0.3640625 0.0328125 0.0234375
33 0.46015625 0.70625 0.028125 0.0609375
58 0.51171875 0.8015625 0.0421875 0.025
17 0.51171875 0.7 0.028125 0.0609375
7 0.31015625 0.4703125 0.0296875 0.059375