17 0.309375 0.465625 0.0265625 0.05625
41 0.565625 0.4671875 0.0265625 0.05625
44 0.3953125 0.465625 0.0265625 0.0578125
15 0.4828125 0.465625 0.028125 0.05625
57 0.5015625 0.4171875 0.128125 0.021875
58 0.5015625 0.3203125 0.0546875 0.025
58 0.1421875 0.390625 0.0515625 0.0203125
58 0.1109375 0.6828125 0.05625 0.025
58 0.5 0.8046875 0.05625 0.028125
58 0.890625 0.68125 0.0546875 0.025
58 0.8609375 0.3921875 0.0515625 0.0234375
53 0.5 0.5671875 0.04375 0.028125
55 0.2234375 0.625 0.03125 0.0328125
54 0.109375 0.3203125 0.0703125 0.0765625
54 0.1640625 0.321875 0.078125 0.08125
54 0.4703125 0.2515625 0.0703125 0.078125
54 0.525 0.2484375 0.0796875 0.0765625