12 0.56328125 0.459375 0.03125 0.0609375
57 0.49375 0.4125 0.128125 0.0265625
49 0.30859375 0.47734375 0.028125 0.0578125
58 0.52109375 0.80078125 0.0546875 0.0296875
37 0.39296875 0.47109375 0.0265625 0.0578125
55 0.16953125 0.565625 0.0296875 0.028125
38 0.47734375 0.465625 0.0296875 0.05625
53 0.5046875 0.5640625 0.0421875 0.021875
52 0.4890625 0.315625 0.0484375 0.025
52 0.08203125 0.55078125 0.0484375 0.0234375
36 0.03359375 0.465625 0.03125 0.0578125
52 0.921875 0.490625 0.046875 0.021875
8 0.646875 0.45546875 0.0328125 0.059375
51 0.08046875 0.45703125 0.0328125 0.0578125
1 0.91875 0.3984375 0.0296875 0.05625
16 0.87265625 0.409375 0.028125 0.0546875