38 0.471875 0.7171875 0.0328125 0.0546875
54 0.0953125 0.3515625 0.075 0.0828125
3 0.39296875 0.4734375 0.03125 0.0578125
54 0.8125 0.2890625 0.075 0.08125
54 0.15078125 0.346875 0.084375 0.0875
57 0.49375 0.4140625 0.1265625 0.028125
54 0.865625 0.284375 0.0875 0.084375
58 0.52578125 0.79921875 0.0546875 0.03125
53 0.50546875 0.5625 0.04375 0.021875
58 0.4859375 0.31796875 0.0546875 0.028125
53 0.72734375 0.39375 0.0453125 0.025
53 0.25703125 0.43359375 0.046875 0.0234375
55 0.7640625 0.365625 0.028125 0.028125
58 0.9046875 0.6421875 0.0546875 0.028125
58 0.8484375 0.35625 0.053125 0.025
58 0.13359375 0.41875 0.053125 0.028125
58 0.128125 0.71015625 0.05 0.025
24 0.30859375 0.48046875 0.03125 0.059375
5 0.5234375 0.7125 0.028125 0.059375
5 0.4765625 0.4640625 0.03125 0.059375
28 0.30859375 0.48046875 0.03125 0.059375
6 0.4765625 0.465625 0.03125 0.059375