20 0.484375 0.46015625 0.034375 0.0609375
4 0.56796875 0.471875 0.034375 0.0625
54 0.890625 0.49765625 0.071875 0.08125
54 0.946875 0.5015625 0.0859375 0.0828125
34 0.40078125 0.45 0.0328125 0.0578125
55 0.15703125 0.49609375 0.03125 0.0296875
58 0.46328125 0.79921875 0.05625 0.034375
58 0.91484375 0.57265625 0.0515625 0.028125
58 0.08203125 0.4703125 0.0484375 0.028125
56 0.7578125 0.83828125 0.39375 0.1203125
53 0.4921875 0.56328125 0.0328125 0.0234375
14 0.48046875 0.69921875 0.034375 0.0625
30 0.42890625 0.69609375 0.034375 0.0625
30 0.315625 0.43984375 0.0328125 0.0578125
26 0.42890625 0.69609375 0.034375 0.0609375
57 0.51015625 0.41640625 0.1140625 0.0328125