49 0.6859375 0.45390625 0.0328125 0.0609375
25 0.43359375 0.4703125 0.03125 0.0546875
33 0.5625 0.70390625 0.0328125 0.059375
44 0.60234375 0.46171875 0.0296875 0.0578125
30 0.51640625 0.4640625 0.034375 0.05625
19 0.509375 0.703125 0.0328125 0.0578125
54 0.8296875 0.61796875 0.075 0.08125
54 0.775 0.6203125 0.084375 0.090625
54 0.61015625 0.24296875 0.0734375 0.08125
54 0.55546875 0.2453125 0.0859375 0.0859375
54 0.41875 0.2546875 0.0703125 0.08125
54 0.3609375 0.2578125 0.08125 0.08125
55 0.79453125 0.38515625 0.0296875 0.0265625
53 0.60078125 0.37890625 0.0453125 0.0234375
53 0.4421875 0.39140625 0.04375 0.021875
53 0.5046875 0.56875 0.0484375 0.0265625
58 0.5859375 0.315625 0.05625 0.03125
58 0.3890625 0.32734375 0.0546875 0.025
58 0.18359375 0.3875 0.0578125 0.0296875
58 0.0828125 0.55546875 0.053125 0.0265625
58 0.22421875 0.72578125 0.053125 0.0265625
58 0.52109375 0.80546875 0.059375 0.0359375
58 0.8015625 0.6875 0.0578125 0.025
58 0.91953125 0.49765625 0.028125 0.025
58 0.79609375 0.34296875 0.028125 0.028125
56 0.22265625 0.834375 0.3890625 0.1046875
57 0.4921875 0.4140625 0.1296875 0.03125