54 0.8125 0.634375 0.0796875 0.078125
54 0.7578125 0.6359375 0.065625 0.0734375
55 0.8390625 0.5328125 0.0296875 0.0265625
54 0.8890625 0.4515625 0.0671875 0.0734375
54 0.94375 0.453125 0.078125 0.078125
58 0.5015625 0.803125 0.040625 0.0234375
58 0.2109375 0.70625 0.05 0.021875
58 0.921875 0.5234375 0.0359375 0.021875
58 0.790625 0.7046875 0.034375 0.0203125
58 0.5015625 0.3171875 0.0359375 0.021875
57 0.503125 0.415625 0.115625 0.021875
58 0.778125 0.35625 0.0359375 0.021875
53 0.6875 0.5953125 0.0234375 0.021875
53 0.5046875 0.6234375 0.0203125 0.025
28 0.453125 0.70625 0.0265625 0.0578125
3 0.5046875 0.703125 0.03125 0.05625
53 0.5015625 0.56875 0.0171875 0.0171875