0 0.69140625 0.47734375 0.0296875 0.0578125
57 0.503125 0.4125 0.128125 0.0265625
58 0.47890625 0.80078125 0.0671875 0.03125
54 0.5484375 0.23359375 0.06875 0.0546875
54 0.4953125 0.22890625 0.0765625 0.053125
55 0.225 0.37578125 0.028125 0.0265625
58 0.91640625 0.55078125 0.0609375 0.025
58 0.7734375 0.375 0.0578125 0.025
21 0.52265625 0.465625 0.03125 0.059375
58 0.77421875 0.72421875 0.0515625 0.0234375
58 0.5125 0.31796875 0.0515625 0.0234375
58 0.23125 0.33671875 0.0578125 0.025
58 0.07890625 0.4921875 0.0609375 0.0265625
29 0.60703125 0.47109375 0.0296875 0.0609375
53 0.4953125 0.5640625 0.04375 0.0234375