57 0.48515625 0.4140625 0.128125 0.0390625
58 0.2453125 0.75078125 0.053125 0.03125
53 0.51015625 0.56484375 0.0484375 0.028125
52 0.1734375 0.4140625 0.05 0.0296875
58 0.375 0.33828125 0.0546875 0.0296875
58 0.78125 0.31796875 0.053125 0.0328125
58 0.08515625 0.5890625 0.0578125 0.03125
55 0.78359375 0.36171875 0.0296875 0.0296875
58 0.9171875 0.459375 0.0546875 0.0296875
53 0.60546875 0.575 0.046875 0.0265625
58 0.5671875 0.30546875 0.0546875 0.0296875
10 0.68125 0.43515625 0.034375 0.0578125
58 0.81796875 0.66015625 0.0265625 0.025
52 0.5453125 0.7984375 0.0578125 0.034375
16 0.5140625 0.4609375 0.034375 0.059375
46 0.5265625 0.7 0.0375 0.0625
47 0.578125 0.69296875 0.040625 0.0640625
47 0.578125 0.69453125 0.0390625 0.0640625
15 0.59765625 0.4484375 0.034375 0.059375
24 0.15703125 0.3203125 0.0359375 0.0578125
25 0.20390625 0.3171875 0.03125 0.0546875
30 0.81015625 0.22109375 0.03125 0.05625
28 0.76328125 0.22578125 0.0359375 0.0578125