12 0.0890625 0.36953125 0.0359375 0.0625
57 0.5109375 0.41328125 0.1265625 0.034375
28 0.6921875 0.490625 0.0359375 0.0609375
4 0.4671875 0.69921875 0.040625 0.0671875
52 0.4578125 0.8 0.05625 0.0328125
55 0.16328125 0.49375 0.03125 0.0296875
58 0.525 0.3203125 0.053125 0.028125
8 0.44140625 0.45703125 0.0359375 0.0609375
36 0.1328125 0.38203125 0.0375 0.0625
53 0.49140625 0.56328125 0.0421875 0.025
58 0.07890625 0.46484375 0.0609375 0.028125
58 0.91328125 0.58203125 0.0546875 0.028125
23 0.3578125 0.44375 0.034375 0.059375
27 0.525 0.4671875 0.034375 0.0609375
25 0.51796875 0.709375 0.0359375 0.0625
5 0.51640625 0.709375 0.034375 0.0609375
14 0.60859375 0.48046875 0.034375 0.0609375