54 0.86953125 0.56171875 0.071875 0.0796875
56 0.81875 0.76953125 0.3625 0.1234375
54 0.92421875 0.5546875 0.0875 0.0875
53 0.5203125 0.625 0.0421875 0.021875
57 0.48984375 0.41484375 0.1328125 0.0359375
54 0.14375 0.3578125 0.0875 0.0875
55 0.43828125 0.3578125 0.0296875 0.0296875
58 0.1296875 0.43359375 0.05 0.028125
58 0.53671875 0.79921875 0.0578125 0.034375
53 0.778125 0.55703125 0.04375 0.025
58 0.909375 0.62734375 0.05 0.028125
54 0.08984375 0.36640625 0.078125 0.084375
53 0.7234375 0.3859375 0.0421875 0.0234375
58 0.84296875 0.34453125 0.0515625 0.028125
53 0.25546875 0.44375 0.0453125 0.0234375
58 0.134375 0.72421875 0.05 0.028125
58 0.47734375 0.31875 0.0546875 0.0296875
44 0.4796875 0.70859375 0.034375 0.0625
29 0.52890625 0.69765625 0.0328125 0.0625