58 0.53203125 0.8015625 0.071875 0.034375
57 0.490625 0.41328125 0.1359375 0.03125
55 0.453125 0.64921875 0.03125 0.0296875
58 0.084375 0.565625 0.0296875 0.025
12 0.47578125 0.46640625 0.0328125 0.0609375
52 0.4828125 0.31796875 0.05 0.025
58 0.23359375 0.73359375 0.059375 0.0265625
58 0.22265625 0.3859375 0.0578125 0.028125
53 0.50703125 0.5640625 0.0515625 0.025
58 0.76328125 0.3296875 0.05625 0.028125
58 0.9203125 0.478125 0.05 0.0265625
58 0.80859375 0.6734375 0.059375 0.028125
35 0.0328125 0.48125 0.0359375 0.0578125
33 0.4296875 0.234375 0.0296875 0.0546875
23 0.64375 0.4484375 0.034375 0.059375
46 0.3078125 0.4828125 0.0328125 0.059375
39 0.47421875 0.2265625 0.03125 0.05625
37 0.0796875 0.4734375 0.03125 0.0578125
6 0.3921875 0.475 0.034375 0.059375
16 0.56015625 0.4578125 0.034375 0.0609375
6 0.3921875 0.475 0.034375 0.059375
16 0.56015625 0.4578125 0.034375 0.0609375
37 0.0796875 0.4734375 0.0296875 0.0546875
55 0.27421875 0.68359375 0.0296875 0.0234375