54 0.8140625 0.6328125 0.0796875 0.078125
57 0.5015625 0.4125 0.115625 0.0203125
54 0.1796875 0.6328125 0.065625 0.0734375
54 0.759375 0.6328125 0.0640625 0.0734375
54 0.2328125 0.6328125 0.0796875 0.0765625
54 0.203125 0.284375 0.065625 0.0734375
54 0.8890625 0.4515625 0.065625 0.0765625
54 0.746875 0.2828125 0.0671875 0.0734375
54 0.8015625 0.2828125 0.078125 0.0765625
54 0.1046875 0.45 0.078125 0.078125
54 0.05 0.45 0.0671875 0.0734375
54 0.2578125 0.2859375 0.0796875 0.0796875
54 0.94375 0.45 0.0796875 0.078125
58 0.921875 0.5203125 0.05625 0.0234375
53 0.5 0.5625 0.03125 0.01875
53 0.3015625 0.4078125 0.0265625 0.0171875
58 0.5015625 0.8015625 0.065625 0.028125
55 0.1609375 0.53125 0.028125 0.028125
58 0.0796875 0.5203125 0.05 0.021875
58 0.2359375 0.35625 0.05625 0.0234375
58 0.7890625 0.703125 0.0578125 0.0203125
58 0.2109375 0.703125 0.05 0.021875
53 0.65625 0.4078125 0.028125 0.0171875
58 0.778125 0.3546875 0.05625 0.021875
30 0.5046875 0.7 0.0265625 0.05625
26 0.5046875 0.7 0.028125 0.05625
27 0.453125 0.703125 0.03125 0.0609375