30 0.4734375 0.46796875 0.0359375 0.0609375
57 0.48515625 0.4140625 0.128125 0.0421875
21 0.3078125 0.49765625 0.0328125 0.0578125
55 0.7515625 0.34453125 0.03125 0.03125
19 0.390625 0.4828125 0.0359375 0.0609375
20 0.55703125 0.4546875 0.0359375 0.0609375
58 0.9171875 0.60546875 0.053125 0.0296875
53 0.5109375 0.56328125 0.046875 0.0296875
58 0.46796875 0.3203125 0.0578125 0.0328125
58 0.128125 0.453125 0.053125 0.0296875
58 0.14765625 0.74296875 0.053125 0.0296875
58 0.55234375 0.796875 0.059375 0.0375
58 0.834375 0.3265625 0.053125 0.0296875
34 0.4890625 0.709375 0.0390625 0.0625
39 0.53984375 0.69921875 0.0390625 0.065625