0 0.4859375 0.69921875 0.0359375 0.0671875
30 0.8828125 0.46484375 0.034375 0.0578125
57 0.509375 0.41328125 0.125 0.028125
53 0.49609375 0.5640625 0.0421875 0.021875
12 0.43671875 0.7 0.0359375 0.065625
52 0.475 0.80078125 0.053125 0.03125
55 0.8296875 0.56953125 0.0296875 0.0296875
44 0.31484375 0.44765625 0.03125 0.0609375
58 0.91796875 0.56015625 0.05 0.025
43 0.4828125 0.4609375 0.0328125 0.0578125
58 0.515625 0.31953125 0.0515625 0.025
58 0.07890625 0.48671875 0.053125 0.028125
23 0.5671875 0.46953125 0.03125 0.0578125
21 0.9296875 0.465625 0.03125 0.0578125
25 0.39921875 0.45390625 0.0296875 0.0578125