54 0.8515625 0.6296875 0.06875 0.0796875
54 0.909375 0.63125 0.084375 0.0828125
52 0.10078125 0.659375 0.0453125 0.01875
55 0.77109375 0.6390625 0.0328125 0.028125
57 0.50625 0.4140625 0.1359375 0.025
58 0.4859375 0.8046875 0.06875 0.0296875
58 0.88046875 0.7 0.0609375 0.025
58 0.86484375 0.409375 0.0609375 0.025
54 0.8921875 0.3375 0.0875 0.0828125
54 0.8375 0.3359375 0.071875 0.078125
58 0.1484375 0.3703125 0.0609375 0.025
58 0.509375 0.31875 0.0609375 0.025
53 0.496875 0.565625 0.0421875 0.01875
4 0.31328125 0.45703125 0.028125 0.0578125
17 0.3953125 0.46015625 0.028125 0.059375
32 0.48125 0.46640625 0.03125 0.05625
24 0.565625 0.4703125 0.0296875 0.0578125
15 0.65 0.4734375 0.028125 0.059375
53 0.73984375 0.4296875 0.0421875 0.0171875