57 0.5015625 0.4140625 0.1296875 0.021875
54 0.81171875 0.63671875 0.0796875 0.0765625
54 0.75703125 0.6359375 0.065625 0.0703125
53 0.6859375 0.5984375 0.0453125 0.0234375
54 0.04921875 0.4453125 0.06875 0.0765625
56 0.79453125 0.81484375 0.390625 0.0828125
54 0.10546875 0.44453125 0.0796875 0.0796875
58 0.49296875 0.8015625 0.0546875 0.0296875
58 0.08125 0.51640625 0.05 0.0234375
58 0.78515625 0.7078125 0.0453125 0.0234375
58 0.91953125 0.52890625 0.0453125 0.021875
55 0.16015625 0.525 0.0265625 0.025
53 0.81875 0.50546875 0.03125 0.0203125
30 0.5015625 0.7 0.0296875 0.059375
53 0.49921875 0.5640625 0.0328125 0.01875
41 0.44921875 0.70234375 0.03125 0.059375
26 0.5015625 0.7 0.028125 0.059375