55 0.78203125 0.41015625 0.028125 0.028125
52 0.09765625 0.65234375 0.0453125 0.0203125
54 0.89609375 0.34609375 0.0875 0.0875
54 0.84140625 0.3421875 0.075 0.0796875
58 0.86796875 0.41640625 0.0609375 0.0296875
53 0.496875 0.565625 0.0421875 0.0203125
58 0.87734375 0.70625 0.0609375 0.025
54 0.84921875 0.6328125 0.0671875 0.0734375
58 0.48046875 0.80390625 0.0671875 0.03125
54 0.90546875 0.63671875 0.0859375 0.08125
57 0.5078125 0.4140625 0.128125 0.0265625
58 0.5125 0.31953125 0.0625 0.0265625
16 0.3140625 0.45234375 0.03125 0.05625
35 0.39609375 0.46015625 0.03125 0.0578125
36 0.48203125 0.465625 0.0296875 0.059375
53 0.76328125 0.6125 0.0421875 0.0203125