37 0.4265625 0.69609375 0.0359375 0.0640625
38 0.475 0.7015625 0.0375 0.065625
53 0.48828125 0.62890625 0.0421875 0.025
53 0.52109375 0.3859375 0.0296875 0.021875
53 0.746875 0.44921875 0.0328125 0.021875
55 0.24375 0.35703125 0.03125 0.03125
58 0.159375 0.34296875 0.075 0.0359375
58 0.45703125 0.803125 0.05625 0.034375
58 0.86328125 0.734375 0.065625 0.03125
58 0.87109375 0.44296875 0.0625 0.028125
58 0.525 0.3234375 0.0609375 0.0296875
52 0.08984375 0.6234375 0.0515625 0.0265625
57 0.51171875 0.41484375 0.13125 0.040625
54 0.50546875 0.2484375 0.0828125 0.08125
54 0.559375 0.25625 0.0890625 0.0890625
54 0.1953125 0.27734375 0.090625 0.0921875
54 0.13515625 0.26875 0.075 0.0828125
54 0.853125 0.36953125 0.08125 0.084375
54 0.90546875 0.37734375 0.0921875 0.09375