54 0.82421875 0.3171875 0.0875 0.0875
54 0.796875 0.66640625 0.0875 0.0859375
54 0.7421875 0.6609375 0.075 0.0796875
55 0.7921875 0.42578125 0.03125 0.0296875
54 0.8921875 0.4921875 0.0765625 0.0796875
54 0.94609375 0.5 0.0859375 0.0859375
54 0.76796875 0.31328125 0.0765625 0.08125
58 0.46953125 0.803125 0.04375 0.0296875
58 0.79296875 0.3859375 0.0375 0.025
58 0.9171875 0.5671875 0.0375 0.025
57 0.51015625 0.41640625 0.11875 0.034375
53 0.66640625 0.425 0.0234375 0.0203125
53 0.49296875 0.565625 0.0234375 0.01875
58 0.7671875 0.73515625 0.0359375 0.021875
53 0.6765625 0.6140625 0.0234375 0.0234375
53 0.8171875 0.53515625 0.0234375 0.0234375