54 0.89765625 0.52109375 0.090625 0.0890625
54 0.9515625 0.53203125 0.0796875 0.084375
54 0.73984375 0.67890625 0.0921875 0.090625
54 0.79140625 0.69140625 0.0796875 0.0875
58 0.08046875 0.45 0.053125 0.0296875
58 0.446875 0.8 0.059375 0.0375
57 0.51328125 0.41640625 0.1234375 0.0390625
58 0.74921875 0.753125 0.053125 0.028125
58 0.178125 0.65078125 0.053125 0.0328125
58 0.78515625 0.40390625 0.053125 0.0296875
58 0.24921875 0.31171875 0.0515625 0.0296875
52 0.90859375 0.59609375 0.05 0.0265625
55 0.27265625 0.60234375 0.03125 0.03125
53 0.4890625 0.56328125 0.04375 0.028125
56 0.17421875 0.753125 0.3484375 0.146875
33 0.6921875 0.50078125 0.034375 0.059375
11 0.60859375 0.4859375 0.0359375 0.059375
45 0.52578125 0.47109375 0.0328125 0.059375