39 0.5640625 0.4640625 0.0265625 0.05625
57 0.5 0.4140625 0.128125 0.01875
0 0.3109375 0.465625 0.028125 0.0578125
52 0.5015625 0.3171875 0.046875 0.021875
38 0.6484375 0.4640625 0.025 0.05625
58 0.5 0.803125 0.0546875 0.0265625
58 0.2125 0.703125 0.0359375 0.021875
35 0.4578125 0.228125 0.028125 0.0546875
58 0.921875 0.521875 0.046875 0.0203125
4 0.0828125 0.4296875 0.0296875 0.05625
58 0.7796875 0.35625 0.0453125 0.021875
58 0.08125 0.521875 0.0484375 0.021875
2 0.3953125 0.4640625 0.0265625 0.0546875
36 0.5046875 0.2234375 0.0265625 0.0546875
16 0.4796875 0.465625 0.0265625 0.0578125
53 0.5 0.565625 0.0421875 0.0203125
16 0.4796875 0.465625 0.0265625 0.0578125
7 0.0375 0.4328125 0.0265625 0.0546875
58 0.2359375 0.359375 0.034375 0.021875