57 0.5 0.4140625 0.1265625 0.021875
54 0.4375 0.24765625 0.0703125 0.0765625
54 0.3828125 0.24609375 0.08125 0.084375
54 0.11328125 0.44453125 0.0703125 0.0734375
54 0.05703125 0.44375 0.078125 0.078125
55 0.63203125 0.35234375 0.0265625 0.0265625
58 0.0796875 0.51328125 0.05 0.0234375
58 0.20625 0.69609375 0.05 0.0234375
58 0.4046875 0.315625 0.0515625 0.025
58 0.49453125 0.8015625 0.05625 0.028125
58 0.19453125 0.35546875 0.025 0.021875
58 0.78515625 0.70625 0.0234375 0.021875
27 0.68984375 0.4671875 0.028125 0.05625
53 0.49921875 0.5640625 0.04375 0.0203125
58 0.6 0.31875 0.0515625 0.0234375
58 0.80859375 0.36640625 0.05 0.0265625
58 0.91796875 0.52734375 0.025 0.021875
40 0.52109375 0.4640625 0.0296875 0.059375
31 0.60546875 0.465625 0.028125 0.0578125
31 0.60546875 0.465625 0.028125 0.0578125