41 0.5640625 0.6984375 0.0328125 0.0609375
54 0.83046875 0.6046875 0.071875 0.078125
57 0.490625 0.41328125 0.1296875 0.03125
54 0.778125 0.609375 0.0859375 0.0828125
54 0.18046875 0.31171875 0.0828125 0.084375
54 0.7765625 0.259375 0.071875 0.078125
54 0.05390625 0.4890625 0.0859375 0.084375
54 0.890625 0.415625 0.0828125 0.0828125
54 0.94375 0.4125 0.0734375 0.08125
54 0.72265625 0.265625 0.0859375 0.0859375
54 0.23515625 0.30703125 0.0734375 0.0796875
54 0.1078125 0.4859375 0.071875 0.08125
53 0.5078125 0.625 0.03125 0.021875
58 0.525 0.80078125 0.065625 0.034375
53 0.50546875 0.5640625 0.03125 0.021875
58 0.75234375 0.33359375 0.059375 0.028125
58 0.08125 0.55703125 0.0578125 0.0265625
58 0.91875 0.48359375 0.0578125 0.0265625
53 0.334375 0.421875 0.028125 0.01875
58 0.228125 0.72734375 0.0609375 0.0265625
55 0.77265625 0.36953125 0.0296875 0.0296875
58 0.48203125 0.31640625 0.059375 0.0265625
58 0.80546875 0.67734375 0.0515625 0.0265625
58 0.21015625 0.38125 0.0578125 0.0265625
53 0.1828125 0.528125 0.0296875 0.0203125
29 0.51328125 0.7015625 0.03125 0.0609375