57 0.49375 0.4125 0.1359375 0.03125
34 0.39296875 0.4734375 0.03125 0.0578125
33 0.434375 0.2328125 0.0296875 0.0546875
58 0.5265625 0.80390625 0.0671875 0.0328125
58 0.22265625 0.3796875 0.0609375 0.028125
58 0.9203125 0.48515625 0.0640625 0.0265625
52 0.2296875 0.72890625 0.0484375 0.025
1 0.30703125 0.48046875 0.0296875 0.059375
58 0.76484375 0.334375 0.05 0.0265625
58 0.4859375 0.31953125 0.0515625 0.028125
58 0.80546875 0.67890625 0.0609375 0.0265625
58 0.08515625 0.56015625 0.059375 0.028125
36 0.478125 0.465625 0.0328125 0.059375
55 0.209375 0.4203125 0.0296875 0.0296875
38 0.1734375 0.29453125 0.0296875 0.05625
44 0.225 0.63671875 0.0328125 0.05625
53 0.50546875 0.5640625 0.0515625 0.025
45 0.17890625 0.64453125 0.03125 0.0578125
5 0.47890625 0.22421875 0.0328125 0.0578125
7 0.47890625 0.22421875 0.0328125 0.0578125
17 0.64453125 0.4515625 0.0296875 0.0578125
27 0.5609375 0.45859375 0.0328125 0.059375
26 0.21796875 0.2890625 0.0296875 0.053125