32 0.68828125 0.4640625 0.0296875 0.0578125
29 0.60546875 0.465625 0.0265625 0.0578125
30 0.52109375 0.465625 0.0265625 0.0515625
4 0.43515625 0.46796875 0.0296875 0.05625
2 0.35078125 0.46953125 0.028125 0.0546875
24 0.26171875 0.27265625 0.0296875 0.053125
0 0.21484375 0.2703125 0.03125 0.053125
19 0.12109375 0.4421875 0.0296875 0.0515625
17 0.07734375 0.43828125 0.0234375 0.053125
47 0.25390625 0.621875 0.0296875 0.05625
11 0.21015625 0.62109375 0.028125 0.05625
21 0.83671875 0.61171875 0.0265625 0.053125
22 0.7859375 0.609375 0.0296875 0.0515625
55 0.56484375 0.64609375 0.025 0.021875
57 0.496875 0.4171875 0.1265625 0.021875
58 0.76171875 0.3546875 0.0515625 0.021875
58 0.50703125 0.80625 0.0625 0.0265625
58 0.07890625 0.53203125 0.0375 0.025
53 0.5953125 0.590625 0.028125 0.0203125
53 0.5015625 0.5671875 0.0421875 0.0171875
53 0.4078125 0.59375 0.03125 0.015625
52 0.79296875 0.7015625 0.0453125 0.021875
52 0.21328125 0.7125 0.0484375 0.0203125
52 0.21953125 0.3640625 0.0484375 0.0203125