49 0.178125 0.29453125 0.03125 0.05625
18 0.4765625 0.465625 0.03125 0.0578125
54 0.66796875 0.46484375 0.0828125 0.1140625
50 0.30859375 0.47890625 0.03125 0.0578125
57 0.4921875 0.4125 0.128125 0.03125
53 0.415625 0.596875 0.04375 0.0203125
22 0.5609375 0.45859375 0.03125 0.05625
52 0.184375 0.38828125 0.046875 0.0234375
53 0.50703125 0.5640625 0.0421875 0.021875
52 0.58359375 0.309375 0.05 0.025
55 0.3578125 0.36171875 0.028125 0.028125
58 0.5265625 0.80078125 0.05625 0.03125
51 0.13125 0.3 0.034375 0.059375
53 0.59921875 0.58046875 0.0296875 0.0203125
58 0.084375 0.55859375 0.05 0.0265625
58 0.9203125 0.48515625 0.0484375 0.0265625
52 0.3875 0.3265625 0.046875 0.0234375
26 0.3921875 0.471875 0.0328125 0.05625
41 0.8703125 0.3984375 0.03125 0.05625
42 0.8703125 0.3984375 0.03125 0.05625
44 0.38125 0.234375 0.03125 0.05625
40 0.3359375 0.23984375 0.03125 0.05625
27 0.57734375 0.215625 0.03125 0.05625
27 0.57734375 0.215625 0.03125 0.05625
29 0.53203125 0.22265625 0.0265625 0.053125
14 0.915625 0.39140625 0.03125 0.05625