54 0.84921875 0.653125 0.0875 0.0875
54 0.90546875 0.66171875 0.075 0.0859375
58 0.865625 0.72578125 0.0515625 0.0265625
55 0.21015625 0.590625 0.0328125 0.03125
58 0.4625 0.80234375 0.0609375 0.0359375
58 0.86875 0.43359375 0.0515625 0.028125
58 0.090625 0.62890625 0.053125 0.0296875
57 0.50859375 0.41484375 0.128125 0.034375
58 0.521875 0.3203125 0.0546875 0.028125
58 0.15703125 0.34609375 0.053125 0.028125
53 0.4921875 0.56328125 0.046875 0.028125
56 0.18046875 0.76953125 0.3609375 0.1265625
29 0.69140625 0.490625 0.0328125 0.0609375
45 0.6078125 0.48046875 0.0296875 0.059375
40 0.52421875 0.46953125 0.03125 0.059375
28 0.51953125 0.71015625 0.0359375 0.0625
23 0.47109375 0.69921875 0.0375 0.0640625