57 0.5015625 0.4125 0.1140625 0.015625
52 0.5015625 0.3171875 0.046875 0.0203125
58 0.5015625 0.803125 0.05625 0.0265625
54 0.0484375 0.4515625 0.0671875 0.0734375
55 0.165625 0.5421875 0.03125 0.0296875
54 0.103125 0.4515625 0.078125 0.078125
54 0.94375 0.4515625 0.0796875 0.08125
54 0.890625 0.4515625 0.06875 0.0734375
53 0.503125 0.6265625 0.0296875 0.0171875
53 0.815625 0.5078125 0.03125 0.021875
58 0.9203125 0.5234375 0.059375 0.0203125
58 0.0796875 0.521875 0.0515625 0.0234375
13 0.5046875 0.7 0.0296875 0.0625
15 0.4546875 0.703125 0.03125 0.0578125