54 0.15078125 0.3 0.0703125 0.078125
58 0.8375 0.4203125 0.0375 0.025
58 0.178125 0.37421875 0.0375 0.025
54 0.20625 0.30546875 0.08125 0.0828125
58 0.48046875 0.80078125 0.04375 0.03125
6 0.4390625 0.69765625 0.0328125 0.0546875
55 0.19375 0.4171875 0.0328125 0.03125
57 0.50625 0.4125 0.10625 0.025
48 0.3140625 0.45078125 0.0296875 0.0578125
27 0.3984375 0.45703125 0.028125 0.0578125
49 0.48203125 0.4625 0.03125 0.0609375
6 0.56640625 0.4734375 0.03125 0.0578125
1 0.490625 0.7015625 0.03125 0.0609375
6 0.4390625 0.70234375 0.0328125 0.0578125