57 0.50625 0.4140625 0.1171875 0.0296875
54 0.94765625 0.4828125 0.0859375 0.0828125
54 0.109375 0.42265625 0.0828125 0.0828125
54 0.053125 0.4203125 0.0734375 0.078125
53 0.8125 0.5296875 0.0234375 0.01875
54 0.89140625 0.47734375 0.0703125 0.078125
26 0.490625 0.7 0.034375 0.0609375
55 0.16328125 0.5171875 0.0296875 0.028125
52 0.08046875 0.49140625 0.046875 0.021875
52 0.48046875 0.80078125 0.053125 0.0296875
53 0.184375 0.4859375 0.0328125 0.0203125
58 0.515625 0.31796875 0.034375 0.0234375
58 0.92109375 0.5515625 0.0328125 0.0234375
53 0.51328125 0.38203125 0.0234375 0.021875
53 0.49453125 0.625 0.0234375 0.0203125
53 0.51328125 0.38203125 0.0203125 0.0234375
26 0.4390625 0.69921875 0.0359375 0.0609375
25 0.4390625 0.69921875 0.034375 0.0609375