27 0.55625 0.4515625 0.0375 0.0609375
57 0.48671875 0.41328125 0.1359375 0.0421875
58 0.55234375 0.7984375 0.06875 0.0390625
58 0.21328125 0.4046875 0.0625 0.0328125
34 0.390625 0.4828125 0.0359375 0.059375
52 0.25078125 0.75 0.05 0.028125
58 0.91796875 0.4484375 0.065625 0.0328125
58 0.09140625 0.59609375 0.059375 0.034375
1 0.3078125 0.49765625 0.034375 0.0625
58 0.74921875 0.31171875 0.05 0.0296875
58 0.4703125 0.32109375 0.053125 0.03125
58 0.8203125 0.6515625 0.0625 0.03125
36 0.475 0.46796875 0.0375 0.0625
55 0.203125 0.44609375 0.0328125 0.0296875
38 0.15625 0.32421875 0.034375 0.059375
44 0.23828125 0.66015625 0.0375 0.059375
53 0.5109375 0.56328125 0.053125 0.028125
45 0.1921875 0.671875 0.0375 0.059375
55 0.86015625 0.5984375 0.0328125 0.025
26 0.20078125 0.31484375 0.0375 0.0578125