57 0.5078125 0.4140625 0.1265625 0.0296875
29 0.48203125 0.4625 0.0296875 0.0609375
55 0.42578125 0.640625 0.028125 0.0265625
52 0.48046875 0.80234375 0.053125 0.028125
58 0.87734375 0.703125 0.0515625 0.025
22 0.490625 0.7 0.034375 0.0625
58 0.5125 0.31796875 0.0515625 0.025
58 0.09921875 0.65078125 0.0515625 0.0265625
53 0.4953125 0.565625 0.04375 0.0234375
58 0.15078125 0.3625 0.0515625 0.0265625
58 0.86640625 0.4125 0.0515625 0.025
32 0.3984375 0.45703125 0.0328125 0.0609375
31 0.11328125 0.26953125 0.0328125 0.05625
10 0.3140625 0.45078125 0.0296875 0.0578125
35 0.440625 0.70078125 0.0359375 0.0609375
25 0.56640625 0.471875 0.028125 0.0578125
11 0.65078125 0.47578125 0.03125 0.0578125
7 0.15859375 0.27109375 0.03125 0.05625