0 0.503125 0.7 0.03125 0.0640625
30 0.878125 0.43125 0.0296875 0.0546875
57 0.5015625 0.4125 0.1234375 0.0171875
53 0.5015625 0.5640625 0.040625 0.01875
12 0.4546875 0.7046875 0.03125 0.0625
52 0.5015625 0.8015625 0.0515625 0.0265625
55 0.834375 0.540625 0.028125 0.0265625
44 0.3109375 0.4640625 0.0265625 0.059375
58 0.921875 0.5234375 0.0484375 0.0203125
43 0.4796875 0.4625 0.028125 0.05625
58 0.5 0.31875 0.05 0.0203125
58 0.0796875 0.5234375 0.0515625 0.0234375
23 0.5640625 0.4640625 0.0265625 0.05625
21 0.925 0.428125 0.0265625 0.05625
25 0.3953125 0.4625 0.025 0.05625