54 0.5234375 0.2453125 0.08125 0.0796875
58 0.5 0.8015625 0.059375 0.0265625
58 0.859375 0.3875 0.0515625 0.021875
57 0.5015625 0.4125 0.1265625 0.021875
58 0.5015625 0.315625 0.0515625 0.021875
54 0.4703125 0.2453125 0.06875 0.075
54 0.8296875 0.315625 0.071875 0.0765625
58 0.890625 0.6765625 0.0515625 0.021875
55 0.4359375 0.6421875 0.0296875 0.028125
54 0.8828125 0.3171875 0.08125 0.0796875
58 0.1109375 0.675 0.0234375 0.021875
53 0.5015625 0.5609375 0.04375 0.021875
36 0.4796875 0.4625 0.0265625 0.0578125
34 0.5640625 0.4625 0.0265625 0.0546875
33 0.3953125 0.4625 0.0265625 0.0578125
19 0.309375 0.4640625 0.025 0.053125