54 0.15078125 0.3 0.0703125 0.078125
20 0.3984375 0.45703125 0.0296875 0.0578125
58 0.8375 0.4234375 0.0359375 0.0234375
56 0.77421875 0.8296875 0.3875 0.1046875
47 0.490625 0.7 0.034375 0.0609375
54 0.20703125 0.30390625 0.08125 0.0828125
55 0.8140625 0.465625 0.03125 0.0296875
58 0.1765625 0.37734375 0.0375 0.025
41 0.4390625 0.69765625 0.03125 0.0578125
57 0.50625 0.4125 0.1140625 0.025
42 0.3125 0.45078125 0.0296875 0.0578125
53 0.4953125 0.5625 0.0328125 0.0234375
4 0.48203125 0.4625 0.03125 0.059375
15 0.56640625 0.46875 0.0296875 0.0578125
15 0.56484375 0.46875 0.03125 0.059375
58 0.48046875 0.80546875 0.040625 0.0296875