12 0.565625 0.4640625 0.0265625 0.059375
57 0.5 0.4125 0.1265625 0.0171875
49 0.3109375 0.4640625 0.025 0.05625
58 0.5 0.8015625 0.053125 0.0265625
37 0.3953125 0.4640625 0.0234375 0.05625
55 0.165625 0.5421875 0.028125 0.0265625
38 0.4796875 0.4640625 0.0265625 0.0546875
53 0.5 0.5640625 0.040625 0.01875
52 0.5015625 0.315625 0.046875 0.021875
52 0.0796875 0.521875 0.046875 0.0203125
36 0.0375 0.4328125 0.028125 0.05625
52 0.921875 0.5203125 0.0453125 0.01875
8 0.65 0.465625 0.028125 0.0578125
51 0.084375 0.428125 0.0296875 0.05625
1 0.925 0.428125 0.0265625 0.0546875
16 0.878125 0.4359375 0.025 0.053125