57 0.48828125 0.41484375 0.125 0.03125
27 0.684375 0.44453125 0.034375 0.059375
35 0.1171875 0.47421875 0.0359375 0.0578125
52 0.53203125 0.8015625 0.0546875 0.0296875
49 0.3484375 0.4796875 0.0328125 0.0609375
53 0.50703125 0.565625 0.0453125 0.025
55 0.171875 0.5765625 0.03125 0.0296875
58 0.0828125 0.56875 0.0484375 0.0265625
58 0.48125 0.31953125 0.0546875 0.028125
33 0.4328125 0.47109375 0.0328125 0.0609375
15 0.51640625 0.69921875 0.0359375 0.0640625
8 0.60078125 0.4546875 0.034375 0.059375
44 0.56640625 0.7 0.0359375 0.0640625
40 0.0703125 0.47421875 0.034375 0.059375
58 0.9203125 0.48125 0.0515625 0.028125
49 0.51640625 0.4625 0.0328125 0.059375
50 0.51640625 0.4625 0.0328125 0.059375