52 0.92265625 0.4921875 0.0484375 0.025
55 0.44609375 0.3546875 0.028125 0.0265625
58 0.08515625 0.55234375 0.034375 0.021875
58 0.52265625 0.80390625 0.0375 0.0265625
57 0.4953125 0.4140625 0.1140625 0.0234375
58 0.4890625 0.31875 0.0375 0.025
8 0.309375 0.48046875 0.03125 0.0578125
4 0.39140625 0.475 0.0296875 0.059375
27 0.47734375 0.46875 0.03125 0.059375
46 0.0328125 0.46875 0.03125 0.0578125
22 0.08046875 0.46015625 0.03125 0.05625
49 0.87265625 0.4078125 0.028125 0.053125
28 0.91953125 0.403125 0.0328125 0.059375
53 0.5046875 0.5671875 0.0328125 0.0203125