49 0.4875 0.7 0.0359375 0.065625
12 0.31484375 0.44765625 0.03125 0.0609375
57 0.509375 0.41484375 0.125 0.0296875
55 0.4234375 0.6375 0.028125 0.028125
52 0.08125 0.48515625 0.0484375 0.025
36 0.046875 0.39296875 0.0328125 0.05625
53 0.49453125 0.5640625 0.04375 0.0234375
52 0.475 0.80234375 0.05625 0.0296875
58 0.91796875 0.56015625 0.05 0.0265625
17 0.39921875 0.4546875 0.028125 0.0578125
23 0.928125 0.465625 0.034375 0.0578125
37 0.4375 0.6984375 0.0328125 0.0609375
21 0.090625 0.39375 0.03125 0.0578125
1 0.5671875 0.46953125 0.0296875 0.0578125
15 0.65078125 0.47734375 0.03125 0.0578125
42 0.8828125 0.46484375 0.03125 0.05625
4 0.484375 0.4625 0.03125 0.0609375