6 0.91875 0.4 0.03125 0.0578125
57 0.4953125 0.4140625 0.1265625 0.028125
20 0.64765625 0.45703125 0.03125 0.0578125
34 0.46796875 0.709375 0.0359375 0.0625
55 0.16953125 0.5671875 0.0296875 0.028125
52 0.92265625 0.49375 0.05 0.0234375
52 0.4890625 0.3171875 0.05 0.0234375
58 0.52109375 0.80390625 0.0578125 0.0296875
58 0.0828125 0.55390625 0.053125 0.0265625
43 0.47734375 0.46875 0.0296875 0.0578125
18 0.56171875 0.4609375 0.0296875 0.05625
53 0.50625 0.565625 0.0421875 0.021875
7 0.39296875 0.47421875 0.03125 0.059375
1 0.309375 0.47890625 0.0296875 0.0578125
14 0.51875 0.70078125 0.0328125 0.0625
9 0.87265625 0.4078125 0.0296875 0.05625