8 0.31484375 0.45703125 0.0328125 0.0609375
48 0.6515625 0.4765625 0.03125 0.05625
32 0.7421875 0.6296875 0.0390625 0.0578125
35 0.3953125 0.46171875 0.03125 0.0546875
39 0.48125 0.46640625 0.0296875 0.05625
47 0.7875 0.62890625 0.0328125 0.0546875
6 0.565625 0.46875 0.0328125 0.0609375
46 0.49375 0.703125 0.034375 0.0609375
41 0.4421875 0.703125 0.0296875 0.0609375
58 0.08046875 0.5046875 0.053125 0.025
58 0.5109375 0.3203125 0.040625 0.021875
58 0.78671875 0.37421875 0.0421875 0.021875
58 0.78125 0.72265625 0.0375 0.021875
58 0.1984375 0.69375 0.0609375 0.025
52 0.48359375 0.80546875 0.0515625 0.0265625
53 0.49765625 0.56875 0.046875 0.021875
57 0.50625 0.415625 0.1296875 0.028125
55 0.790625 0.41171875 0.0328125 0.03125