52 0.078125 0.48515625 0.0484375 0.0265625
55 0.55625 0.35625 0.028125 0.0265625
58 0.91328125 0.559375 0.034375 0.0234375
58 0.471875 0.803125 0.0375 0.0265625
57 0.50625 0.4140625 0.1140625 0.025
58 0.5140625 0.31953125 0.0375 0.025
8 0.69140625 0.48359375 0.0328125 0.0578125
4 0.60859375 0.4765625 0.0296875 0.059375
27 0.5234375 0.46875 0.03125 0.059375
46 0.96796875 0.4765625 0.0328125 0.0578125
22 0.9203125 0.46796875 0.0328125 0.05625
49 0.12890625 0.4015625 0.0296875 0.053125
28 0.0828125 0.39609375 0.0328125 0.059375
53 0.49453125 0.5671875 0.0328125 0.021875