54 0.121875 0.55078125 0.0890625 0.0890625
54 0.065625 0.54375 0.0765625 0.0875
58 0.0859375 0.61640625 0.053125 0.028125
55 0.75390625 0.66640625 0.034375 0.0328125
58 0.45234375 0.80078125 0.0625 0.0390625
58 0.1640625 0.334375 0.053125 0.0296875
58 0.8578125 0.73671875 0.053125 0.03125
57 0.51484375 0.415625 0.128125 0.0390625
58 0.528125 0.32109375 0.05625 0.0296875
58 0.87265625 0.446875 0.0546875 0.0296875
53 0.48984375 0.56328125 0.046875 0.0296875
56 0.74609375 0.85234375 0.390625 0.140625
29 0.31875 0.43828125 0.0359375 0.0609375
45 0.4015625 0.4515625 0.03125 0.059375
40 0.48515625 0.4640625 0.0328125 0.059375
28 0.42265625 0.696875 0.0390625 0.0640625
23 0.4734375 0.7 0.0390625 0.0640625