0 0.440625 0.4578125 0.034375 0.0609375
57 0.5078125 0.4125 0.1265625 0.034375
53 0.4921875 0.56328125 0.0421875 0.0234375
55 0.54609375 0.65078125 0.0296875 0.0296875
9 0.6921875 0.4875 0.0296875 0.059375
12 0.52421875 0.4671875 0.034375 0.0625
58 0.46328125 0.79921875 0.0578125 0.0328125
52 0.52109375 0.3171875 0.0484375 0.028125
52 0.07890625 0.4703125 0.046875 0.021875
3 0.60859375 0.47734375 0.034375 0.0625
58 0.91328125 0.57265625 0.046875 0.0265625
8 0.92265625 0.4796875 0.034375 0.0609375
14 0.35703125 0.44609375 0.0328125 0.0578125
12 0.08828125 0.37734375 0.0328125 0.0609375
25 0.1328125 0.3875 0.0328125 0.0578125
4 0.08828125 0.37734375 0.0359375 0.0609375
8 0.92265625 0.4796875 0.034375 0.0609375
28 0.965625 0.48984375 0.034375 0.0578125
5 0.1328125 0.3859375 0.0328125 0.0578125