12 0.48046875 0.22578125 0.03125 0.059375
57 0.49375 0.4140625 0.1265625 0.028125
11 0.39296875 0.475 0.034375 0.0609375
47 0.434375 0.2328125 0.034375 0.059375
55 0.44921875 0.65 0.028125 0.028125
52 0.4859375 0.31953125 0.0484375 0.0265625
3 0.4765625 0.4671875 0.0328125 0.059375
58 0.5265625 0.80390625 0.059375 0.03125
53 0.50546875 0.5640625 0.04375 0.021875
52 0.921875 0.48515625 0.0484375 0.0234375
28 0.64609375 0.45078125 0.0328125 0.0609375
58 0.08515625 0.56015625 0.0515625 0.0265625
44 0.87109375 0.4 0.0328125 0.05625
26 0.30859375 0.48046875 0.0328125 0.059375
29 0.5609375 0.45859375 0.0296875 0.059375
25 0.47265625 0.7078125 0.0359375 0.0625
17 0.5625 0.45859375 0.0296875 0.0578125
38 0.9171875 0.39296875 0.0328125 0.05625
10 0.9171875 0.39296875 0.0328125 0.05625
1 0.521875 0.69921875 0.034375 0.065625
5 0.47265625 0.70625 0.034375 0.0625