0 0.4953125 0.7 0.03125 0.0625
4 0.6046875 0.4640625 0.0265625 0.059375
48 0.6875 0.4640625 0.028125 0.0578125
57 0.4984375 0.4125 0.1265625 0.0171875
54 0.8671875 0.60625 0.078125 0.078125
54 0.921875 0.6046875 0.0640625 0.0734375
3 0.5453125 0.703125 0.03125 0.0609375
58 0.859375 0.3859375 0.0453125 0.021875
58 0.5 0.8 0.0546875 0.0265625
53 0.5 0.5640625 0.04375 0.021875
58 0.4984375 0.315625 0.0515625 0.021875
58 0.890625 0.678125 0.0484375 0.021875
55 0.2234375 0.6234375 0.0296875 0.0265625
58 0.109375 0.678125 0.0515625 0.0234375
58 0.140625 0.3859375 0.05 0.021875
7 0.5203125 0.4625 0.025 0.0578125