57 0.5015625 0.4109375 0.115625 0.01875
54 0.1375 0.3203125 0.0640625 0.065625
56 0.8 0.809375 0.390625 0.078125
55 0.1890625 0.440625 0.0296875 0.028125
41 0.309375 0.4671875 0.025 0.0578125
54 0.1921875 0.3234375 0.0765625 0.075
2 0.5640625 0.4640625 0.0265625 0.05625
58 0.83125 0.396875 0.034375 0.021875
39 0.4796875 0.4625 0.028125 0.0578125
58 0.5 0.8015625 0.0390625 0.0265625
58 0.171875 0.3953125 0.03125 0.021875
9 0.3953125 0.4671875 0.0234375 0.05625
6 0.6484375 0.4640625 0.0296875 0.05625
53 0.5 0.5625 0.0296875 0.0203125
29 0.503125 0.7 0.0265625 0.0609375
34 0.453125 0.7046875 0.0296875 0.0546875