30 0.515625 0.46171875 0.0328125 0.0609375
57 0.4890625 0.41328125 0.128125 0.0359375
21 0.68359375 0.44140625 0.0296875 0.0578125
55 0.2140625 0.425 0.0296875 0.0296875
19 0.59921875 0.4515625 0.0328125 0.0609375
20 0.43203125 0.4734375 0.0328125 0.0609375
58 0.13203125 0.72265625 0.0515625 0.028125
53 0.5078125 0.56328125 0.0453125 0.0265625
58 0.47734375 0.31875 0.0578125 0.0296875
58 0.84140625 0.34609375 0.0515625 0.028125
58 0.9078125 0.6296875 0.0515625 0.028125
58 0.53671875 0.79921875 0.0578125 0.034375
58 0.1296875 0.43203125 0.0515625 0.028125
34 0.57109375 0.69765625 0.0359375 0.0609375
39 0.5203125 0.70234375 0.0375 0.0640625