12 0.4421875 0.4546875 0.0359375 0.0625
4 0.609375 0.48125 0.0359375 0.0609375
57 0.5125 0.41171875 0.128125 0.0390625
58 0.453125 0.79609375 0.059375 0.034375
7 0.52578125 0.46640625 0.0359375 0.0609375
53 0.48984375 0.56328125 0.046875 0.028125
58 0.08046875 0.45390625 0.0546875 0.0296875
58 0.21953125 0.31484375 0.0515625 0.0328125
55 0.83203125 0.5921875 0.0296875 0.0296875
58 0.62421875 0.334375 0.053125 0.0296875
58 0.18125 0.65546875 0.0515625 0.0296875
58 0.75546875 0.74609375 0.053125 0.0296875
58 0.43125 0.30390625 0.0546875 0.0296875
58 0.82578125 0.4109375 0.0546875 0.0328125
58 0.91015625 0.5859375 0.053125 0.0296875
30 0.46484375 0.6921875 0.034375 0.05625
33 0.51484375 0.7046875 0.034375 0.053125
30 0.3609375 0.44140625 0.0296875 0.0578125
10 0.69453125 0.49296875 0.0328125 0.0578125
29 0.359375 0.44140625 0.03125 0.0578125