0 0.4328125 0.47265625 0.034375 0.0609375
57 0.4875 0.41328125 0.1265625 0.03125
53 0.50703125 0.5640625 0.0421875 0.0234375
55 0.57890625 0.6359375 0.0296875 0.0296875
9 0.684375 0.44453125 0.0296875 0.0578125
12 0.51640625 0.4625 0.034375 0.0625
58 0.53125 0.8 0.0578125 0.0328125
52 0.47890625 0.3171875 0.0484375 0.0265625
52 0.0828125 0.565625 0.046875 0.021875
3 0.6 0.453125 0.034375 0.0625
58 0.91875 0.478125 0.046875 0.0265625
8 0.90703125 0.38515625 0.034375 0.0609375
14 0.3484375 0.4796875 0.0328125 0.0578125
12 0.07109375 0.47265625 0.0328125 0.0609375
25 0.1171875 0.47265625 0.0328125 0.0578125
4 0.07109375 0.47265625 0.0359375 0.0609375
8 0.90703125 0.38515625 0.034375 0.0609375
28 0.9515625 0.38515625 0.034375 0.0578125
5 0.11640625 0.47109375 0.0328125 0.0578125