57 0.48984375 0.41484375 0.13125 0.0359375
54 0.82734375 0.5921875 0.0859375 0.084375
54 0.7734375 0.5984375 0.071875 0.0765625
53 0.69765625 0.571875 0.046875 0.0265625
54 0.04609375 0.50859375 0.0765625 0.0828125
56 0.81875 0.76953125 0.3625 0.1234375
54 0.1015625 0.5 0.0875 0.0875
58 0.53515625 0.79921875 0.0578125 0.034375
58 0.0875 0.57421875 0.0515625 0.028125
58 0.81171875 0.66640625 0.046875 0.0265625
58 0.91953125 0.4703125 0.046875 0.025
55 0.1671875 0.57265625 0.0296875 0.028125
53 0.81640625 0.4609375 0.0328125 0.0234375
30 0.52890625 0.69765625 0.034375 0.0625
53 0.5078125 0.56328125 0.034375 0.021875
41 0.478125 0.70703125 0.0359375 0.0625
26 0.52890625 0.69765625 0.034375 0.0625