54 0.18125 0.621875 0.08125 0.0796875
54 0.8984375 0.4625 0.0796875 0.0828125
54 0.2359375 0.625 0.0671875 0.0734375
54 0.9515625 0.465625 0.0703125 0.075
57 0.5015625 0.4125 0.1234375 0.021875
58 0.4875 0.803125 0.065625 0.0296875
49 0.690625 0.46875 0.028125 0.0609375
53 0.4890625 0.6265625 0.0375 0.0203125
55 0.2890625 0.63203125 0.0296875 0.0265625
58 0.07890625 0.50703125 0.0609375 0.0234375
58 0.7703125 0.365625 0.059375 0.0234375
58 0.91796875 0.53671875 0.0578125 0.025
58 0.5046875 0.31875 0.046875 0.0234375
58 0.20390625 0.69453125 0.059375 0.021875
58 0.22734375 0.346875 0.059375 0.0234375
58 0.78203125 0.71328125 0.0515625 0.0234375
14 0.60625 0.46640625 0.0296875 0.0578125
53 0.49765625 0.5640625 0.040625 0.01875
21 0.48984375 0.7015625 0.0296875 0.0609375
45 0.53984375 0.7046875 0.0296875 0.0609375
25 0.521875 0.46484375 0.0265625 0.0609375