32 0.5234375 0.70859375 0.0375 0.065625
0 0.52421875 0.46640625 0.034375 0.0625
57 0.5078125 0.4140625 0.128125 0.03125
53 0.58203125 0.6 0.0328125 0.0234375
52 0.5171875 0.31796875 0.0484375 0.025
52 0.46640625 0.8015625 0.053125 0.0296875
44 0.6078125 0.4765625 0.0328125 0.0609375
52 0.078125 0.47890625 0.0484375 0.025
55 0.828125 0.5765625 0.03125 0.03125
53 0.49296875 0.5640625 0.04375 0.0265625
29 0.69296875 0.484375 0.0328125 0.0625
22 0.921875 0.4734375 0.034375 0.059375
58 0.9171875 0.5671875 0.0515625 0.025
51 0.43984375 0.4578125 0.034375 0.0609375
38 0.9671875 0.48125 0.0328125 0.0578125
6 0.08515625 0.384375 0.0359375 0.059375
15 0.13125 0.39375 0.0375 0.0578125
46 0.47421875 0.6984375 0.0359375 0.0625
50 0.3546875 0.4484375 0.0328125 0.059375