49 0.3078125 0.496875 0.0375 0.0625
25 0.5578125 0.45625 0.0359375 0.05625
33 0.484375 0.7125 0.0375 0.0609375
44 0.39140625 0.48515625 0.034375 0.059375
30 0.47578125 0.46875 0.0390625 0.059375
19 0.53671875 0.7 0.0375 0.0609375
54 0.20546875 0.6890625 0.08125 0.0859375
54 0.259375 0.67890625 0.090625 0.096875
54 0.334375 0.275 0.0796875 0.0859375
54 0.38828125 0.26484375 0.0921875 0.0921875
54 0.52421875 0.24296875 0.0765625 0.0859375
54 0.58125 0.2328125 0.0875 0.0875
55 0.1875 0.4546875 0.03125 0.0296875
53 0.37421875 0.4046875 0.046875 0.0265625
53 0.53203125 0.38125 0.0453125 0.025
53 0.5109375 0.56796875 0.05 0.03125
58 0.375 0.33984375 0.0578125 0.0359375
58 0.56875 0.30703125 0.05625 0.0296875
58 0.7828125 0.31875 0.059375 0.034375
58 0.91953125 0.46015625 0.0546875 0.03125
58 0.81953125 0.65859375 0.0546875 0.03125
58 0.54765625 0.80234375 0.0625 0.040625
58 0.2484375 0.75 0.059375 0.0296875
58 0.090625 0.59140625 0.0296875 0.0265625
58 0.1765625 0.41328125 0.0296875 0.0296875
56 0.82421875 0.7625 0.3515625 0.1375
57 0.48828125 0.41484375 0.1296875 0.0421875