21 0.31796875 0.43671875 0.0328125 0.059375
58 0.46015625 0.79765625 0.059375 0.034375
57 0.5140625 0.41328125 0.1296875 0.0359375
58 0.16015625 0.33828125 0.0515625 0.0265625
58 0.8625 0.72890625 0.0546875 0.0296875
58 0.52734375 0.31953125 0.0296875 0.025
58 0.08828125 0.621875 0.0515625 0.0296875
55 0.24296875 0.3515625 0.03125 0.0296875
58 0.871875 0.43671875 0.05625 0.03125
9 0.8875 0.34609375 0.03125 0.059375
53 0.49140625 0.56015625 0.046875 0.0265625
8 0.4015625 0.4484375 0.0359375 0.0609375
19 0.65234375 0.48359375 0.034375 0.0609375
33 0.8421875 0.34296875 0.0328125 0.05625
41 0.56875 0.471875 0.0328125 0.059375
7 0.65234375 0.48359375 0.034375 0.059375
28 0.42734375 0.69296875 0.0390625 0.0625
7 0.65234375 0.48359375 0.034375 0.059375
51 0.48515625 0.46171875 0.0375 0.0625
27 0.475 0.7 0.0390625 0.0625