34 0.690625 0.47265625 0.0296875 0.0578125
12 0.0796875 0.40625 0.03125 0.059375
48 0.521875 0.46484375 0.03125 0.0609375
57 0.503125 0.4125 0.121875 0.021875
52 0.4828125 0.80078125 0.0546875 0.0296875
0 0.9203125 0.4515625 0.0296875 0.059375
52 0.9171875 0.5421875 0.046875 0.021875
52 0.5078125 0.3171875 0.05 0.0234375
55 0.83203125 0.5578125 0.0328125 0.0296875
30 0.48671875 0.69921875 0.0328125 0.0609375
53 0.5890625 0.59375 0.046875 0.021875
20 0.12578125 0.41328125 0.0328125 0.05625
53 0.496875 0.5640625 0.0453125 0.021875
58 0.07578125 0.5 0.05625 0.0234375
31 0.35390625 0.4546875 0.0296875 0.0609375
19 0.5359375 0.70546875 0.034375 0.0640625
27 0.534375 0.70546875 0.034375 0.0625
26 0.48515625 0.69921875 0.03125 0.0609375
40 0.965625 0.45546875 0.0296875 0.0546875
21 0.60625 0.47109375 0.025 0.0578125
14 0.4375 0.4625 0.0296875 0.05625