12 0.06875 0.48828125 0.0359375 0.0609375
57 0.4859375 0.41328125 0.1359375 0.0359375
52 0.540625 0.80078125 0.0578125 0.0328125
24 0.9015625 0.37109375 0.0359375 0.059375
52 0.47265625 0.31796875 0.05 0.028125
55 0.175 0.58828125 0.03125 0.0296875
53 0.60390625 0.5765625 0.0453125 0.025
30 0.5984375 0.45 0.0359375 0.0609375
52 0.08515625 0.58046875 0.046875 0.0234375
4 0.5234375 0.7 0.040625 0.0671875
51 0.11640625 0.4859375 0.0390625 0.059375
53 0.5125 0.56484375 0.0484375 0.0265625
26 0.51484375 0.46015625 0.0359375 0.0609375
21 0.68203125 0.43671875 0.034375 0.059375
58 0.91953125 0.46328125 0.0515625 0.028125
55 0.6375 0.546875 0.0265625 0.028125
30 0.5984375 0.45 0.0375 0.0609375
6 0.51484375 0.46171875 0.0359375 0.0609375
5 0.575 0.69609375 0.0375 0.0625
37 0.9484375 0.36875 0.034375 0.0578125