54 0.13828125 0.5984375 0.0671875 0.078125
54 0.08046875 0.59453125 0.0828125 0.08125
52 0.884375 0.69296875 0.04375 0.01875
55 0.21796875 0.61484375 0.0328125 0.028125
57 0.5015625 0.4140625 0.1359375 0.021875
58 0.4875 0.8046875 0.06875 0.028125
58 0.103125 0.665625 0.059375 0.0234375
58 0.14453125 0.378125 0.059375 0.0234375
54 0.1234375 0.30390625 0.0859375 0.08125
54 0.178125 0.30703125 0.071875 0.078125
58 0.86171875 0.4015625 0.059375 0.0234375
58 0.50625 0.31875 0.059375 0.0234375
53 0.49765625 0.565625 0.040625 0.01875
4 0.68984375 0.4734375 0.0265625 0.0578125
17 0.60703125 0.46953125 0.0265625 0.059375
32 0.52109375 0.46796875 0.0296875 0.05625
24 0.4375 0.46484375 0.028125 0.0578125
15 0.353125 0.46015625 0.0265625 0.059375
53 0.2671875 0.409375 0.0421875 0.0171875