30 0.5046875 0.7 0.028125 0.0609375
57 0.5015625 0.4125 0.1234375 0.0171875
48 0.4796875 0.4640625 0.028125 0.059375
22 0.503125 0.221875 0.0265625 0.05625
52 0.5015625 0.803125 0.053125 0.0265625
23 0.4578125 0.2265625 0.028125 0.0546875
55 0.4375 0.64375 0.028125 0.0296875
52 0.5015625 0.3171875 0.0484375 0.021875
4 0.3953125 0.4640625 0.028125 0.0578125
51 0.453125 0.703125 0.03125 0.0625
38 0.3109375 0.4625 0.0265625 0.0578125
53 0.5 0.5640625 0.04375 0.0203125
58 0.921875 0.521875 0.05 0.021875
14 0.565625 0.4625 0.0265625 0.05625
58 0.0796875 0.5234375 0.05 0.0234375
27 0.925 0.428125 0.03125 0.059375
46 0.878125 0.434375 0.0265625 0.0515625