23 0.51640625 0.4609375 0.034375 0.059375
42 0.6 0.4515625 0.034375 0.0609375
57 0.4890625 0.41328125 0.1234375 0.0296875
52 0.5296875 0.8 0.0546875 0.03125
38 0.51796875 0.69765625 0.0359375 0.0640625
52 0.4796875 0.31796875 0.05 0.025
52 0.91875 0.4765625 0.0453125 0.025
55 0.83671875 0.50390625 0.0328125 0.0296875
58 0.084375 0.5671875 0.0609375 0.0265625
53 0.50703125 0.5640625 0.0453125 0.025
17 0.684375 0.44296875 0.034375 0.059375
15 0.90703125 0.38359375 0.0328125 0.059375
37 0.06953125 0.47265625 0.0328125 0.059375
45 0.56796875 0.6953125 0.0359375 0.0625
36 0.9515625 0.38359375 0.0328125 0.0578125
35 0.1171875 0.47265625 0.0359375 0.059375
25 0.684375 0.44296875 0.0328125 0.059375