12 0.4828125 0.46328125 0.028125 0.0609375
26 0.0875 0.41328125 0.028125 0.0578125
47 0.03984375 0.41640625 0.0296875 0.0578125
57 0.5046875 0.4125 0.1359375 0.021875
53 0.4046875 0.5875 0.0421875 0.021875
55 0.1640625 0.53046875 0.028125 0.028125
52 0.49140625 0.8015625 0.0546875 0.0265625
52 0.08046875 0.50546875 0.0453125 0.0203125
18 0.92734375 0.44296875 0.0296875 0.05625
58 0.92109375 0.53984375 0.05625 0.0234375
53 0.49765625 0.5640625 0.0421875 0.021875
27 0.565625 0.46640625 0.028125 0.059375
49 0.65078125 0.46953125 0.028125 0.0609375
35 0.396875 0.46015625 0.0328125 0.0578125
17 0.88046875 0.44609375 0.03125 0.05625
11 0.396875 0.46171875 0.0328125 0.059375
46 0.44609375 0.703125 0.03125 0.059375
55 0.36953125 0.5609375 0.021875 0.0203125
35 0.396875 0.46015625 0.03125 0.0578125
55 0.39296875 0.56171875 0.0234375 0.025
10 0.49765625 0.703125 0.028125 0.0609375
7 0.3109375 0.459375 0.0265625 0.0578125