31 0.578125 0.69453125 0.040625 0.0671875
57 0.48671875 0.41484375 0.115625 0.0375
58 0.54765625 0.79921875 0.0578125 0.034375
58 0.815625 0.65703125 0.0625 0.03125
53 0.51015625 0.56328125 0.034375 0.0234375
58 0.73828125 0.31640625 0.0578125 0.0296875
55 0.1703125 0.58359375 0.034375 0.0328125
58 0.91875 0.45546875 0.053125 0.0296875
58 0.246875 0.74765625 0.0609375 0.03125
58 0.471875 0.32109375 0.059375 0.0296875
58 0.2015625 0.403125 0.0578125 0.0296875
58 0.08828125 0.5875 0.0515625 0.0296875
4 0.5265625 0.7 0.0375 0.0640625