34 0.88359375 0.4859375 0.0375 0.05625
53 0.49296875 0.56328125 0.0421875 0.025
57 0.51171875 0.41484375 0.128125 0.034375
47 0.4015625 0.45 0.0359375 0.0625
55 0.16328125 0.4953125 0.0328125 0.0296875
37 0.31796875 0.43828125 0.03125 0.0578125
52 0.08203125 0.46328125 0.05 0.0265625
58 0.4578125 0.7984375 0.0578125 0.034375
51 0.56875 0.4734375 0.034375 0.059375
58 0.91484375 0.58203125 0.0625 0.0296875
15 0.484375 0.46328125 0.0359375 0.0609375
41 0.0515625 0.36875 0.0375 0.059375
38 0.65390625 0.48515625 0.034375 0.059375
5 0.09609375 0.37421875 0.0296875 0.059375
7 0.92890625 0.490625 0.0328125 0.05625