22 0.51875 0.46328125 0.0296875 0.0578125
57 0.4953125 0.4125 0.1140625 0.0234375
55 0.16953125 0.559375 0.03125 0.0296875
23 0.60234375 0.45859375 0.0328125 0.059375
46 0.11875 0.45234375 0.0296875 0.0546875
53 0.503125 0.5625 0.034375 0.021875
44 0.071875 0.45078125 0.0296875 0.05625
31 0.434375 0.465625 0.0296875 0.059375
58 0.4890625 0.3171875 0.0375 0.0234375
58 0.0796875 0.54375 0.034375 0.0234375
58 0.5140625 0.803125 0.0359375 0.0234375
52 0.91953125 0.4984375 0.0453125 0.0203125
24 0.68671875 0.45390625 0.03125 0.0609375
16 0.3484375 0.475 0.028125 0.0578125