54 0.46640625 0.24765625 0.0828125 0.08125
54 0.14609375 0.6234375 0.0671875 0.078125
54 0.08828125 0.6234375 0.0828125 0.08125
52 0.896875 0.665625 0.04375 0.01875
54 0.52109375 0.24765625 0.071875 0.078125
55 0.228125 0.634375 0.0328125 0.0296875
54 0.109375 0.33359375 0.084375 0.0859375
54 0.165625 0.33203125 0.071875 0.08125
53 0.49921875 0.565625 0.0390625 0.0203125
58 0.49375 0.31875 0.0625 0.0234375
58 0.115625 0.69296875 0.059375 0.021875
57 0.49375 0.4140625 0.128125 0.0234375
58 0.509375 0.8046875 0.06875 0.028125
58 0.13515625 0.403125 0.0609375 0.028125
58 0.85390625 0.3765625 0.059375 0.0234375
4 0.6875 0.4609375 0.028125 0.0578125
17 0.603125 0.46171875 0.028125 0.059375
32 0.51875 0.46484375 0.0265625 0.059375
24 0.43515625 0.46953125 0.0265625 0.0578125