43 0.3078125 0.4890625 0.0359375 0.0609375
11 0.56015625 0.4609375 0.034375 0.0625
31 0.5296875 0.70078125 0.0390625 0.0671875
42 0.3921875 0.47890625 0.034375 0.0625
25 0.47421875 0.4703125 0.028125 0.059375
32 0.48046875 0.71171875 0.0390625 0.0671875
54 0.340625 0.26953125 0.078125 0.0875
54 0.396875 0.2625 0.0890625 0.09375
55 0.84296875 0.5 0.03125 0.0328125
57 0.49140625 0.41796875 0.1296875 0.0359375
53 0.509375 0.56640625 0.0453125 0.0265625
58 0.5375 0.80390625 0.0640625 0.0359375
58 0.23828125 0.74140625 0.05625 0.0328125
58 0.0859375 0.57578125 0.0328125 0.0265625
58 0.18125 0.40390625 0.0578125 0.03125
58 0.38046875 0.33359375 0.059375 0.0296875
58 0.57421875 0.30859375 0.0578125 0.0296875
58 0.7890625 0.32734375 0.0296875 0.028125
58 0.9203125 0.475 0.05625 0.034375
58 0.81328125 0.66953125 0.05625 0.0328125