41 0.58125 0.6921875 0.0375 0.0640625
54 0.83828125 0.575 0.078125 0.084375
57 0.48359375 0.4140625 0.1296875 0.0421875
54 0.7859375 0.584375 0.0921875 0.0890625
54 0.165625 0.33984375 0.0890625 0.090625
54 0.7546875 0.2359375 0.078125 0.084375
54 0.0546875 0.528125 0.0921875 0.090625
54 0.88203125 0.38203125 0.0890625 0.0890625
54 0.934375 0.37421875 0.0796875 0.0859375
54 0.7015625 0.246875 0.0921875 0.0921875
54 0.21953125 0.33046875 0.0796875 0.084375
54 0.10859375 0.51953125 0.078125 0.0875
53 0.51875 0.6234375 0.0328125 0.0234375
58 0.55078125 0.796875 0.06875 0.0390625
53 0.5109375 0.56328125 0.0328125 0.0234375
58 0.73671875 0.3125 0.0609375 0.0328125
58 0.08828125 0.59296875 0.059375 0.03125
58 0.915625 0.44765625 0.059375 0.03125
53 0.32890625 0.43671875 0.0296875 0.021875
58 0.24921875 0.75078125 0.0625 0.03125
55 0.76015625 0.34609375 0.0328125 0.03125
58 0.46640625 0.31875 0.0609375 0.03125
58 0.8203125 0.65 0.053125 0.0296875
58 0.20078125 0.40703125 0.059375 0.03125
53 0.1859375 0.55546875 0.03125 0.021875
29 0.53046875 0.69921875 0.0359375 0.0625