54 0.265625 0.6703125 0.0734375 0.0796875
54 0.39375 0.26015625 0.078125 0.08125
54 0.2109375 0.68046875 0.0890625 0.0875
54 0.8390625 0.58203125 0.075 0.0828125
54 0.58671875 0.2296875 0.075 0.084375
57 0.48828125 0.41484375 0.134375 0.0421875
54 0.33984375 0.2671875 0.0875 0.0859375
54 0.784375 0.5890625 0.0890625 0.0875
54 0.746875 0.24921875 0.0890625 0.0890625
53 0.59296875 0.36640625 0.04375 0.0265625
54 0.80078125 0.240625 0.078125 0.0828125
54 0.5328125 0.23671875 0.0890625 0.0890625
53 0.434375 0.39375 0.04375 0.025
53 0.51015625 0.56328125 0.04375 0.028125
58 0.546875 0.79765625 0.059375 0.0375
58 0.78203125 0.31484375 0.053125 0.034375
58 0.2453125 0.74765625 0.053125 0.03125
58 0.56875 0.30234375 0.053125 0.0296875
53 0.51484375 0.62421875 0.046875 0.028125
58 0.8171875 0.65703125 0.0546875 0.0296875
58 0.37421875 0.33515625 0.0546875 0.0296875
58 0.08828125 0.5890625 0.053125 0.0296875
58 0.17421875 0.4125 0.0546875 0.0328125
55 0.7828125 0.35703125 0.0296875 0.0296875
33 0.578125 0.69453125 0.0359375 0.0625
58 0.91875 0.45546875 0.025 0.025
19 0.5265625 0.6984375 0.0390625 0.0640625