57 0.51015625 0.41484375 0.1265625 0.0375
54 0.9140625 0.38046875 0.0796875 0.0859375
54 0.8609375 0.3703125 0.0890625 0.0890625
53 0.48984375 0.56328125 0.0453125 0.028125
55 0.540625 0.65390625 0.0296875 0.0296875
58 0.45234375 0.79921875 0.0578125 0.034375
21 0.69375 0.49453125 0.0328125 0.059375
58 0.528125 0.32109375 0.053125 0.0328125
58 0.08671875 0.61328125 0.0546875 0.0296875
58 0.87265625 0.446875 0.0546875 0.0328125
58 0.8578125 0.73671875 0.053125 0.03125
58 0.16328125 0.33125 0.053125 0.0296875
34 0.609375 0.48125 0.034375 0.059375
1 0.52578125 0.46796875 0.0359375 0.0609375
46 0.5140625 0.7109375 0.0421875 0.0625
39 0.46484375 0.7 0.0375 0.0625