33 0.45 0.2296875 0.03125 0.0578125
45 0.03359375 0.45078125 0.0328125 0.0578125
21 0.08046875 0.44609375 0.028125 0.0609375
13 0.39453125 0.47109375 0.028125 0.0578125
17 0.87578125 0.42109375 0.028125 0.053125
18 0.92265625 0.41640625 0.0265625 0.0546875
22 0.47890625 0.46796875 0.0296875 0.0578125
2 0.5625 0.46484375 0.028125 0.0578125
47 0.646875 0.46171875 0.0265625 0.0578125
8 0.49375 0.2265625 0.0296875 0.0609375
32 0.31015625 0.4734375 0.03125 0.0609375
58 0.0828125 0.54140625 0.0375 0.025
58 0.5109375 0.8046875 0.0296875 0.0265625
52 0.4953125 0.3203125 0.0484375 0.0234375
52 0.92265625 0.51015625 0.05 0.0234375
57 0.4984375 0.415625 0.1109375 0.0234375
53 0.50234375 0.5671875 0.03125 0.0203125
53 0.4125 0.5953125 0.0140625 0.01875
55 0.4515625 0.35625 0.0328125 0.0328125