55 0.77890625 0.4 0.028125 0.028125
52 0.103125 0.665625 0.04375 0.01875
54 0.890625 0.33203125 0.084375 0.084375
54 0.8359375 0.33046875 0.0734375 0.078125
58 0.86484375 0.403125 0.0609375 0.0265625
53 0.49921875 0.565625 0.040625 0.01875
58 0.884375 0.69296875 0.059375 0.021875
54 0.85390625 0.6203125 0.065625 0.0703125
58 0.490625 0.8046875 0.0671875 0.028125
54 0.91015625 0.621875 0.084375 0.078125
57 0.5046875 0.4140625 0.1265625 0.021875
58 0.50625 0.31875 0.0609375 0.0234375
16 0.3125 0.459375 0.0296875 0.05625
35 0.3953125 0.46328125 0.0296875 0.0578125
36 0.48046875 0.46640625 0.0265625 0.059375
53 0.7671875 0.603125 0.040625 0.01875