57 0.5015625 0.4125 0.1125 0.01875
32 0.7484375 0.6140625 0.0296875 0.0546875
58 0.5 0.8015625 0.0546875 0.0265625
22 0.3953125 0.4640625 0.0265625 0.0546875
52 0.790625 0.7046875 0.0453125 0.01875
19 0.2375 0.2625 0.028125 0.05625
58 0.08125 0.5234375 0.046875 0.021875
58 0.2359375 0.35625 0.0359375 0.0234375
40 0.3109375 0.4640625 0.0265625 0.0578125
58 0.5015625 0.315625 0.0484375 0.0234375
55 0.4359375 0.6421875 0.0265625 0.025
58 0.2109375 0.7046875 0.05 0.021875
53 0.5 0.5640625 0.03125 0.01875
58 0.7796875 0.3546875 0.034375 0.021875
44 0.79375 0.6109375 0.0265625 0.05625
50 0.4796875 0.4625 0.0265625 0.0546875
33 0.1921875 0.265625 0.0265625 0.0546875
21 0.1921875 0.2671875 0.0265625 0.053125