34 0.11640625 0.49296875 0.0359375 0.05625
57 0.48515625 0.415625 0.1265625 0.0375
32 0.59765625 0.45 0.0390625 0.0625
35 0.34765625 0.4890625 0.034375 0.0578125
58 0.54765625 0.80078125 0.059375 0.0328125
55 0.5859375 0.63359375 0.03125 0.03125
52 0.4703125 0.32109375 0.0515625 0.0296875
53 0.50859375 0.56484375 0.04375 0.025
58 0.91875 0.45859375 0.053125 0.03125
52 0.08671875 0.5890625 0.05 0.0265625
4 0.51484375 0.4625 0.0359375 0.0625
35 0.34765625 0.4890625 0.0359375 0.059375
51 0.43125 0.47578125 0.0359375 0.0609375
0 0.06953125 0.4984375 0.0359375 0.059375
46 0.94609375 0.3609375 0.0359375 0.0578125
14 0.68125 0.43515625 0.034375 0.059375
36 0.9015625 0.3671875 0.0375 0.0609375