57 0.5078125 0.4140625 0.128125 0.0296875
54 0.584375 0.25390625 0.0734375 0.0796875
54 0.6390625 0.2578125 0.0859375 0.0875
54 0.88984375 0.47890625 0.0734375 0.0765625
54 0.94609375 0.4828125 0.08125 0.08125
55 0.38125 0.34140625 0.028125 0.028125
58 0.91796875 0.54921875 0.0515625 0.025
58 0.77578125 0.72109375 0.0515625 0.025
58 0.6109375 0.32421875 0.053125 0.0265625
58 0.47890625 0.80078125 0.0578125 0.0296875
58 0.81640625 0.3828125 0.0265625 0.0234375
58 0.19765625 0.68125 0.025 0.0234375
27 0.3140625 0.45078125 0.0296875 0.0578125
53 0.4953125 0.5640625 0.0453125 0.0234375
58 0.41640625 0.3109375 0.053125 0.025
58 0.20390625 0.33984375 0.0515625 0.028125
58 0.08046875 0.49140625 0.0265625 0.0234375
40 0.48203125 0.4625 0.0328125 0.0609375
31 0.3984375 0.45703125 0.03125 0.059375
31 0.3984375 0.45703125 0.03125 0.059375