57 0.5015625 0.4140625 0.1296875 0.0171875
54 0.5234375 0.24375 0.078125 0.0734375
55 0.4375 0.6453125 0.0265625 0.0265625
54 0.890625 0.45 0.0671875 0.06875
58 0.5 0.8046875 0.0578125 0.0265625
54 0.94375 0.45 0.078125 0.0765625
53 0.5046875 0.38125 0.040625 0.0234375
53 0.5046875 0.628125 0.040625 0.0203125
54 0.4703125 0.2453125 0.0671875 0.0703125
53 0.8140625 0.509375 0.0453125 0.021875
52 0.921875 0.521875 0.0453125 0.01875
52 0.5015625 0.3171875 0.046875 0.0234375
1 0.5046875 0.7 0.03125 0.0625
55 0.5265625 0.59375 0.0265625 0.0265625
55 0.790625 0.475 0.0265625 0.0296875
1 0.453125 0.70625 0.03125 0.059375