12 0.565625 0.465625 0.0265625 0.059375
57 0.5015625 0.4125 0.134375 0.0171875
30 0.65 0.4625 0.0265625 0.05625
55 0.70625 0.6390625 0.0265625 0.0234375
52 0.5015625 0.8015625 0.053125 0.0265625
58 0.234375 0.35625 0.059375 0.021875
58 0.0796875 0.521875 0.0484375 0.021875
58 0.9203125 0.521875 0.0609375 0.0203125
58 0.790625 0.703125 0.059375 0.021875
58 0.5015625 0.3171875 0.046875 0.0203125
58 0.778125 0.35625 0.0625 0.0234375
58 0.2109375 0.7046875 0.05 0.021875
53 0.5 0.5640625 0.0515625 0.0203125
49 0.3109375 0.4625 0.025 0.059375
14 0.3953125 0.4640625 0.028125 0.0578125
25 0.4796875 0.4640625 0.025 0.0578125
45 0.453125 0.703125 0.028125 0.059375
57 0.5015625 0.65625 0.046875 0.01875
23 0.746875 0.6140625 0.028125 0.0546875
21 0.503125 0.7015625 0.028125 0.059375
18 0.79375 0.6125 0.025 0.053125