55 0.23359375 0.3703125 0.0296875 0.0296875
58 0.47734375 0.80234375 0.0578125 0.0296875
54 0.91484375 0.63828125 0.06875 0.078125
58 0.87578125 0.70625 0.0515625 0.0234375
54 0.85703125 0.63125 0.0828125 0.0796875
53 0.4953125 0.565625 0.0453125 0.025
58 0.5109375 0.31875 0.028125 0.0234375
57 0.5046875 0.4140625 0.125 0.028125
58 0.86640625 0.415625 0.053125 0.0265625
58 0.09765625 0.65234375 0.0515625 0.025
58 0.14921875 0.3640625 0.0515625 0.025
54 0.90078125 0.34609375 0.075 0.0828125
54 0.84765625 0.34296875 0.0859375 0.0859375
40 0.690625 0.47890625 0.0296875 0.0640625
43 0.60625 0.47578125 0.0296875 0.0609375
33 0.52265625 0.46875 0.0296875 0.0578125
22 0.53203125 0.709375 0.0328125 0.0609375
4 0.48125 0.70234375 0.0359375 0.0625