49 0.4703125 0.69609375 0.0421875 0.0671875
15 0.403125 0.44453125 0.0390625 0.0625
57 0.51796875 0.4140625 0.1234375 0.0375
55 0.16328125 0.48203125 0.0328125 0.0328125
52 0.53359375 0.3203125 0.05 0.028125
52 0.0828125 0.446875 0.0484375 0.028125
42 0.48671875 0.459375 0.0359375 0.059375
58 0.44765625 0.7984375 0.059375 0.0359375
58 0.91015625 0.59609375 0.0625 0.03125
44 0.3203125 0.43203125 0.0359375 0.0609375
53 0.490625 0.56328125 0.0453125 0.0265625
37 0.4203125 0.690625 0.0375 0.0640625
41 0.05625 0.35234375 0.0359375 0.05625
13 0.1015625 0.35859375 0.0359375 0.0609375