54 0.79921875 0.246875 0.0875 0.0875
57 0.48984375 0.41484375 0.128125 0.0375
58 0.5421875 0.8 0.0609375 0.034375
54 0.77421875 0.596875 0.0734375 0.0828125
58 0.81640625 0.6625 0.0546875 0.028125
54 0.74453125 0.25390625 0.078125 0.0859375
58 0.37890625 0.334375 0.0546875 0.028125
58 0.08671875 0.58046875 0.0546875 0.028125
58 0.78515625 0.31953125 0.05625 0.0328125
58 0.91875 0.46171875 0.05625 0.03125
58 0.17578125 0.40546875 0.0546875 0.03125
58 0.571875 0.30546875 0.0546875 0.028125
58 0.2421875 0.74140625 0.0265625 0.0265625
54 0.8296875 0.5890625 0.0921875 0.090625
55 0.8421875 0.48984375 0.034375 0.0328125
53 0.5109375 0.56484375 0.0484375 0.0265625
30 0.475 0.46875 0.0328125 0.0578125
15 0.38984375 0.48046875 0.034375 0.0578125
19 0.30859375 0.49375 0.0359375 0.0609375