0 0.53203125 0.69765625 0.0421875 0.06875
30 0.115625 0.49765625 0.0390625 0.059375
57 0.48359375 0.4140625 0.125 0.0390625
53 0.509375 0.56328125 0.04375 0.025
12 0.58046875 0.69375 0.0421875 0.0671875
52 0.55078125 0.796875 0.0546875 0.034375
55 0.178125 0.5984375 0.0328125 0.03125
44 0.6796875 0.43203125 0.0359375 0.0625
58 0.08828125 0.59609375 0.0515625 0.028125
43 0.51328125 0.459375 0.0375 0.0609375
58 0.46875 0.321875 0.053125 0.028125
58 0.91796875 0.45 0.0546875 0.0328125
23 0.43046875 0.47578125 0.0359375 0.059375
21 0.06875 0.503125 0.0359375 0.059375
25 0.596875 0.44453125 0.034375 0.059375