55 0.2140625 0.425 0.0296875 0.0296875
52 0.909375 0.63046875 0.0453125 0.021875
54 0.09609375 0.3671875 0.090625 0.090625
54 0.15078125 0.36015625 0.0796875 0.0828125
58 0.128125 0.43515625 0.0625 0.0328125
53 0.50625 0.565625 0.0421875 0.021875
58 0.134375 0.72578125 0.0609375 0.028125
54 0.1578125 0.65078125 0.0703125 0.0765625
58 0.5359375 0.80234375 0.06875 0.034375
54 0.10234375 0.6578125 0.0890625 0.084375
57 0.48828125 0.41484375 0.128125 0.0328125
58 0.478125 0.3203125 0.0625 0.0296875
16 0.68359375 0.44296875 0.034375 0.0578125
35 0.6015625 0.4546875 0.034375 0.059375
36 0.51640625 0.46484375 0.03125 0.0609375
53 0.24296875 0.62578125 0.0421875 0.021875