12 0.5203125 0.46484375 0.0296875 0.0609375
26 0.91875 0.45 0.0296875 0.0578125
47 0.965625 0.45703125 0.03125 0.0578125
57 0.503125 0.4125 0.1359375 0.025
53 0.5875 0.5953125 0.04375 0.021875
55 0.83203125 0.559375 0.028125 0.028125
52 0.4828125 0.80078125 0.0546875 0.028125
52 0.9171875 0.5421875 0.046875 0.021875
18 0.0796875 0.40625 0.03125 0.05625
58 0.07734375 0.503125 0.0578125 0.025
53 0.496875 0.5640625 0.04375 0.021875
27 0.43828125 0.4609375 0.0296875 0.059375
49 0.35234375 0.45625 0.0296875 0.0609375
35 0.60625 0.46953125 0.034375 0.0578125
17 0.12578125 0.41328125 0.0328125 0.05625
11 0.60625 0.47109375 0.034375 0.059375
46 0.5359375 0.70703125 0.0328125 0.059375
55 0.62421875 0.571875 0.0234375 0.021875
35 0.60625 0.46953125 0.0328125 0.0578125
55 0.60078125 0.57109375 0.0234375 0.0265625
10 0.484375 0.70234375 0.0296875 0.0609375
7 0.6921875 0.47578125 0.028125 0.0578125