12 0.91328125 0.3765625 0.0328125 0.0609375
48 0.47578125 0.4671875 0.034375 0.0625
52 0.53828125 0.80078125 0.05625 0.0328125
0 0.07734375 0.4796875 0.0328125 0.0609375
57 0.49140625 0.41484375 0.1234375 0.03125
34 0.3078125 0.4859375 0.0328125 0.059375
55 0.1734375 0.58125 0.03125 0.03125
52 0.47890625 0.31875 0.05 0.0265625
52 0.08671875 0.57109375 0.0453125 0.025
20 0.8671875 0.3875 0.0359375 0.059375
53 0.41796875 0.6 0.046875 0.025
53 0.5078125 0.56328125 0.0453125 0.0265625
58 0.9234375 0.471875 0.0578125 0.0265625
19 0.478125 0.70703125 0.0390625 0.065625
26 0.52890625 0.69765625 0.0390625 0.0640625
40 0.0328125 0.48828125 0.034375 0.0578125
14 0.5609375 0.4546875 0.034375 0.059375
7 0.52890625 0.69765625 0.0390625 0.0640625
27 0.4796875 0.70703125 0.0390625 0.0640625
21 0.390625 0.47890625 0.028125 0.05625