54 0.10546875 0.44453125 0.0796875 0.078125
54 0.05078125 0.4453125 0.0703125 0.075
54 0.23046875 0.6296875 0.08125 0.0796875
54 0.17734375 0.63203125 0.06875 0.078125
58 0.92109375 0.53046875 0.05 0.0234375
58 0.49453125 0.8046875 0.0546875 0.0296875
57 0.503125 0.415625 0.121875 0.0203125
58 0.20703125 0.7015625 0.05 0.021875
58 0.78671875 0.709375 0.05 0.0265625
58 0.23828125 0.3515625 0.05 0.0234375
58 0.78203125 0.3625 0.0484375 0.0234375
52 0.08125 0.51640625 0.046875 0.0203125
55 0.70390625 0.64453125 0.0265625 0.0265625
53 0.49921875 0.5640625 0.040625 0.021875
56 0.79296875 0.81484375 0.3859375 0.0875
33 0.31171875 0.4640625 0.0265625 0.05625
11 0.39609375 0.465625 0.028125 0.05625
45 0.48046875 0.4671875 0.025 0.05625