57 0.49140625 0.41484375 0.1265625 0.0359375
54 0.0875 0.3734375 0.078125 0.0859375
54 0.14140625 0.3640625 0.0875 0.0875
53 0.50859375 0.56328125 0.0453125 0.028125
55 0.45703125 0.653125 0.0296875 0.0296875
58 0.5421875 0.8 0.0578125 0.034375
21 0.30625 0.490625 0.0328125 0.059375
58 0.475 0.3203125 0.053125 0.03125
58 0.91171875 0.6203125 0.0546875 0.028125
58 0.12890625 0.43984375 0.0546875 0.03125
58 0.13828125 0.73046875 0.053125 0.0296875
58 0.83984375 0.33671875 0.053125 0.028125
34 0.39140625 0.47890625 0.034375 0.059375
1 0.475 0.4671875 0.034375 0.0609375
46 0.48203125 0.7109375 0.040625 0.0625
39 0.53125 0.70078125 0.0359375 0.0625