11 0.43828125 0.4609375 0.03125 0.059375
57 0.503125 0.4140625 0.125 0.0234375
43 0.35390625 0.45625 0.0296875 0.059375
14 0.60625 0.46953125 0.03125 0.059375
55 0.5546875 0.646875 0.0296875 0.0296875
58 0.4828125 0.80234375 0.0640625 0.03125
58 0.9171875 0.54375 0.059375 0.025
58 0.77265625 0.3703125 0.0515625 0.0265625
58 0.07890625 0.5 0.0515625 0.025
58 0.5078125 0.31875 0.05 0.0265625
58 0.228125 0.34375 0.059375 0.025
58 0.19921875 0.690625 0.059375 0.025
34 0.24765625 0.60234375 0.0296875 0.0546875
53 0.496875 0.5640625 0.0421875 0.0203125
13 0.6921875 0.47421875 0.028125 0.0609375
1 0.521875 0.46484375 0.028125 0.059375
25 0.20078125 0.596875 0.028125 0.05625
34 0.24765625 0.60234375 0.0296875 0.0546875