34 0.88125 0.45234375 0.03125 0.0546875
57 0.50625 0.4140625 0.1265625 0.025
32 0.396875 0.46015625 0.0328125 0.059375
35 0.65 0.4734375 0.0296875 0.05625
58 0.484375 0.80390625 0.0578125 0.028125
55 0.428125 0.64140625 0.0296875 0.028125
52 0.5109375 0.31875 0.05 0.025
53 0.4984375 0.565625 0.0421875 0.0203125
58 0.07890625 0.503125 0.0515625 0.0265625
52 0.9203125 0.5453125 0.0484375 0.021875
4 0.48125 0.46484375 0.0296875 0.0609375
35 0.65 0.4734375 0.03125 0.0578125
51 0.565625 0.46875 0.0296875 0.059375
0 0.928125 0.45390625 0.03125 0.0578125
46 0.04140625 0.40859375 0.03125 0.05625
14 0.31328125 0.45390625 0.0296875 0.0578125
36 0.08671875 0.409375 0.0328125 0.0578125