20 0.51796875 0.46171875 0.03125 0.059375
4 0.434375 0.4671875 0.0296875 0.0609375
54 0.11015625 0.4703125 0.0671875 0.0765625
54 0.05390625 0.4703125 0.08125 0.078125
34 0.60234375 0.45703125 0.0296875 0.05625
55 0.8421875 0.51953125 0.0296875 0.028125
58 0.515625 0.80078125 0.0546875 0.03125
58 0.08125 0.54375 0.0515625 0.025
58 0.91953125 0.5 0.0484375 0.025
56 0.21953125 0.81953125 0.390625 0.09375
53 0.503125 0.5640625 0.0328125 0.021875
14 0.50546875 0.7 0.03125 0.0609375
30 0.5578125 0.70078125 0.03125 0.0609375
30 0.68828125 0.45234375 0.0296875 0.05625
26 0.5578125 0.70078125 0.03125 0.059375
57 0.4953125 0.415625 0.1140625 0.025