49 0.5046875 0.7 0.03125 0.0640625
12 0.3109375 0.4640625 0.0265625 0.0578125
57 0.5015625 0.4140625 0.1234375 0.0171875
55 0.4359375 0.64375 0.0265625 0.0265625
52 0.08125 0.5203125 0.0453125 0.0203125
52 0.5 0.803125 0.053125 0.025
53 0.5 0.5640625 0.0421875 0.021875
58 0.921875 0.5234375 0.0484375 0.021875
17 0.3953125 0.4640625 0.025 0.05625
37 0.4546875 0.703125 0.0296875 0.059375
23 0.9234375 0.4296875 0.0296875 0.0546875
4 0.4796875 0.4640625 0.028125 0.059375
36 0.0390625 0.4328125 0.028125 0.0546875
21 0.0828125 0.428125 0.028125 0.0546875
42 0.878125 0.43125 0.0296875 0.0546875
21 0.0828125 0.428125 0.028125 0.0546875
1 0.5640625 0.4671875 0.025 0.0578125