57 0.503125 0.4140625 0.1234375 0.01875
27 0.3109375 0.4640625 0.028125 0.05625
35 0.878125 0.434375 0.0296875 0.0546875
52 0.5 0.803125 0.053125 0.025
49 0.6484375 0.4640625 0.0265625 0.0578125
53 0.5 0.565625 0.04375 0.0203125
55 0.834375 0.5421875 0.028125 0.0265625
58 0.921875 0.525 0.046875 0.021875
58 0.5 0.31875 0.053125 0.0234375
33 0.5640625 0.4640625 0.0265625 0.0578125
15 0.5046875 0.7 0.0296875 0.0609375
8 0.3953125 0.465625 0.028125 0.05625
44 0.4546875 0.70625 0.0296875 0.0609375
40 0.925 0.4296875 0.028125 0.05625
58 0.0796875 0.525 0.05 0.0234375
49 0.4796875 0.4640625 0.0265625 0.05625
50 0.4796875 0.4640625 0.0265625 0.05625