34 0.1171875 0.46640625 0.034375 0.0578125
57 0.4921875 0.4125 0.1375 0.03125
0 0.68515625 0.44921875 0.034375 0.0625
23 0.6015625 0.45625 0.0328125 0.059375
55 0.5765625 0.6375 0.028125 0.028125
50 0.9078125 0.3921875 0.03125 0.0578125
52 0.4828125 0.31796875 0.0484375 0.0265625
8 0.4328125 0.47109375 0.0328125 0.059375
28 0.34765625 0.47734375 0.0328125 0.0609375
58 0.5265625 0.80078125 0.071875 0.034375
52 0.91875 0.48359375 0.046875 0.021875
52 0.08125 0.55859375 0.05 0.0234375
53 0.6 0.58203125 0.053125 0.025
53 0.50546875 0.565625 0.0421875 0.0234375
7 0.47265625 0.225 0.0328125 0.05625
11 0.071875 0.465625 0.034375 0.0578125
38 0.5171875 0.4625 0.03125 0.0578125
33 0.51796875 0.22578125 0.03125 0.05625
55 0.68359375 0.5515625 0.0234375 0.0234375
39 0.9546875 0.39296875 0.0328125 0.05625
40 0.56328125 0.7015625 0.0328125 0.059375