0 0.4828125 0.69921875 0.0359375 0.065625
30 0.12734375 0.4046875 0.0328125 0.05625
57 0.5046875 0.4125 0.125 0.025
53 0.49375 0.5640625 0.0421875 0.021875
12 0.53125 0.70703125 0.0359375 0.0640625
52 0.47734375 0.80078125 0.053125 0.0296875
55 0.16328125 0.5171875 0.0296875 0.028125
44 0.69140625 0.47734375 0.03125 0.0609375
58 0.07734375 0.49375 0.05 0.0234375
43 0.52265625 0.4640625 0.03125 0.0578125
58 0.5125 0.31953125 0.0515625 0.0234375
58 0.91796875 0.55234375 0.053125 0.0265625
23 0.43828125 0.459375 0.0296875 0.0578125
21 0.08125 0.3984375 0.0296875 0.0578125
25 0.60703125 0.46953125 0.028125 0.0578125