36 0.609375 0.55703125 0.0390625 0.0609375
32 0.13671875 0.37578125 0.0359375 0.05625
39 0.090625 0.365625 0.0359375 0.0578125
34 0.58359375 0.23984375 0.0359375 0.05625
9 0.53984375 0.2296875 0.034375 0.0578125
57 0.51015625 0.41640625 0.1140625 0.040625
58 0.5265625 0.32109375 0.0296875 0.0265625
58 0.9078125 0.58984375 0.04375 0.0296875
58 0.45078125 0.79921875 0.034375 0.028125
55 0.5375 0.6546875 0.034375 0.0328125
53 0.48828125 0.56640625 0.0328125 0.028125
52 0.0796875 0.45703125 0.05625 0.03125