55 0.83671875 0.48359375 0.0328125 0.03125
58 0.91640625 0.4484375 0.0390625 0.0265625
52 0.5515625 0.8 0.053125 0.0296875
58 0.4671875 0.325 0.0375 0.028125
57 0.48359375 0.415625 0.115625 0.0375
13 0.8984375 0.35703125 0.0359375 0.0609375
53 0.51171875 0.56484375 0.034375 0.021875
17 0.5140625 0.4609375 0.034375 0.059375
49 0.53046875 0.69921875 0.0390625 0.06875
11 0.6796875 0.43203125 0.0375 0.0609375
51 0.58125 0.6921875 0.0453125 0.06875
32 0.94375 0.3546875 0.040625 0.0609375
30 0.596875 0.44765625 0.0375 0.0609375
35 0.68046875 0.43515625 0.0375 0.0625