57 0.496875 0.4125 0.13125 0.0203125
58 0.50546875 0.803125 0.065625 0.0296875
58 0.76328125 0.3515625 0.059375 0.025
34 0.60390625 0.4625 0.028125 0.05625
58 0.08046875 0.52890625 0.0625 0.021875
1 0.68984375 0.4609375 0.0265625 0.059375
52 0.79296875 0.7 0.046875 0.021875
58 0.21953125 0.3625 0.046875 0.0234375
58 0.91875 0.51640625 0.059375 0.0265625
58 0.21484375 0.7078125 0.059375 0.0234375
58 0.496875 0.31875 0.0484375 0.025
45 0.83515625 0.61015625 0.028125 0.0546875
38 0.80390625 0.26015625 0.0265625 0.0546875
55 0.78125 0.390625 0.028125 0.025
48 0.7875 0.6078125 0.0296875 0.0546875
53 0.50078125 0.5640625 0.05 0.021875
36 0.51953125 0.4640625 0.028125 0.0578125
55 0.165625 0.665625 0.0296875 0.0203125
44 0.7875 0.6078125 0.028125 0.0578125
26 0.75859375 0.2609375 0.0265625 0.053125