54 0.234375 0.634375 0.0796875 0.078125
55 0.8390625 0.5328125 0.0296875 0.0265625
54 0.1796875 0.6359375 0.0671875 0.0734375
58 0.5015625 0.803125 0.040625 0.0234375
58 0.921875 0.5234375 0.0484375 0.021875
58 0.2109375 0.70625 0.0375 0.0203125
57 0.5 0.4140625 0.1140625 0.01875
58 0.5015625 0.3171875 0.0359375 0.021875
58 0.778125 0.35625 0.0359375 0.021875
58 0.790625 0.7046875 0.0359375 0.0203125
37 0.309375 0.465625 0.0265625 0.0578125
16 0.3953125 0.465625 0.0265625 0.0546875
32 0.4796875 0.465625 0.0265625 0.0578125
29 0.5640625 0.4671875 0.028125 0.059375