57 0.48515625 0.415625 0.128125 0.040625
53 0.51015625 0.56328125 0.0453125 0.025
55 0.5859375 0.63203125 0.03125 0.03125
52 0.471875 0.32109375 0.0515625 0.0296875
22 0.4296875 0.4765625 0.034375 0.0578125
47 0.06875 0.4953125 0.040625 0.0625
58 0.91875 0.45546875 0.0546875 0.0296875
58 0.546875 0.79609375 0.0296875 0.0296875
58 0.08828125 0.5890625 0.05 0.0296875
10 0.5140625 0.4609375 0.0359375 0.059375
29 0.68125 0.43515625 0.0359375 0.0625
18 0.59765625 0.45 0.0375 0.0609375
3 0.49921875 0.2234375 0.0375 0.0609375
2 0.45390625 0.22734375 0.0359375 0.0578125
25 0.346875 0.49140625 0.0328125 0.0609375
41 0.11796875 0.49375 0.03125 0.0546875