0 0.3078125 0.49375 0.034375 0.059375
57 0.4890625 0.41328125 0.128125 0.0375
58 0.546875 0.79765625 0.06875 0.0359375
54 0.42890625 0.2390625 0.071875 0.059375
54 0.48125 0.2296875 0.0796875 0.059375
55 0.76328125 0.35234375 0.0296875 0.028125
58 0.08984375 0.5875 0.0625 0.0296875
58 0.21640625 0.39921875 0.059375 0.0296875
21 0.47421875 0.46796875 0.0359375 0.0609375
58 0.246875 0.74765625 0.053125 0.028125
58 0.47109375 0.31953125 0.053125 0.028125
58 0.75390625 0.3140625 0.059375 0.0296875
58 0.91875 0.45546875 0.0625 0.03125
29 0.390625 0.48125 0.034375 0.0625
53 0.51015625 0.56328125 0.0453125 0.0265625