57 0.5015625 0.4125 0.1171875 0.021875
54 0.25390625 0.2796875 0.0796875 0.0796875
54 0.85625 0.6125 0.065625 0.075
54 0.80078125 0.28984375 0.0796875 0.0796875
54 0.9125 0.61328125 0.0796875 0.0796875
54 0.74609375 0.28828125 0.06875 0.075
49 0.44921875 0.70234375 0.03125 0.059375
58 0.1078125 0.66953125 0.034375 0.021875
54 0.20078125 0.27890625 0.06875 0.075
53 0.69375 0.403125 0.021875 0.01875
58 0.8875 0.68359375 0.034375 0.021875
55 0.23984375 0.621875 0.028125 0.025
58 0.49453125 0.8015625 0.053125 0.028125
58 0.23046875 0.35 0.0359375 0.021875
53 0.50234375 0.625 0.021875 0.01875
53 0.7578125 0.596875 0.021875 0.01875
29 0.50078125 0.7015625 0.028125 0.0609375
58 0.77578125 0.359375 0.0359375 0.0234375
53 0.3109375 0.396875 0.021875 0.0203125
53 0.49921875 0.5640625 0.021875 0.01875