26 0.07890625 0.471875 0.0328125 0.059375
57 0.4921875 0.4140625 0.128125 0.03125
53 0.50703125 0.5640625 0.0421875 0.025
52 0.4828125 0.31953125 0.0484375 0.025
55 0.83671875 0.50703125 0.03125 0.03125
58 0.53125 0.8 0.0578125 0.0328125
29 0.56015625 0.4578125 0.0328125 0.0625
58 0.921875 0.47890625 0.0609375 0.028125
37 0.3921875 0.475 0.0328125 0.059375
36 0.6453125 0.45 0.0359375 0.0609375
58 0.0859375 0.5671875 0.0515625 0.0265625
18 0.30859375 0.484375 0.0328125 0.059375
17 0.47578125 0.46640625 0.0328125 0.0609375
4 0.47421875 0.2265625 0.034375 0.0609375
5 0.4296875 0.234375 0.034375 0.0578125
48 0.0328125 0.48125 0.0375 0.0578125
17 0.47578125 0.46640625 0.0328125 0.0609375