57 0.5 0.4140625 0.1234375 0.0203125
33 0.39453125 0.4671875 0.0265625 0.05625
53 0.50234375 0.565625 0.040625 0.01875
55 0.16640625 0.54765625 0.0296875 0.028125
58 0.50546875 0.803125 0.05625 0.028125
2 0.31015625 0.4671875 0.028125 0.0546875
52 0.08203125 0.53046875 0.0453125 0.0203125
34 0.8765625 0.4265625 0.0296875 0.053125
58 0.921875 0.51796875 0.025 0.0203125
42 0.56484375 0.46484375 0.028125 0.0546875
26 0.64765625 0.46328125 0.028125 0.05625
51 0.48046875 0.465625 0.03125 0.0578125
26 0.03671875 0.440625 0.028125 0.053125
26 0.64765625 0.46328125 0.0296875 0.05625
14 0.03671875 0.440625 0.028125 0.0546875
13 0.9234375 0.42421875 0.0234375 0.053125
10 0.08203125 0.43828125 0.028125 0.053125