54 0.11484375 0.38359375 0.0765625 0.0828125
58 0.8109375 0.34609375 0.0390625 0.0265625
58 0.15859375 0.45 0.0390625 0.0265625
54 0.1703125 0.3765625 0.0875 0.0890625
58 0.5484375 0.79765625 0.0453125 0.034375
6 0.48515625 0.70625 0.0375 0.0578125
55 0.18359375 0.48828125 0.0359375 0.034375
57 0.4859375 0.41328125 0.10625 0.0328125
48 0.3078125 0.49375 0.034375 0.059375
27 0.390625 0.48125 0.0328125 0.059375
49 0.47421875 0.46796875 0.0359375 0.0625
6 0.55859375 0.459375 0.0359375 0.059375
1 0.5359375 0.6984375 0.0359375 0.0625
6 0.4859375 0.7109375 0.0375 0.0609375