54 0.81015625 0.2953125 0.0828125 0.0828125
54 0.8078125 0.6453125 0.0828125 0.08125
54 0.753125 0.64296875 0.0703125 0.075
55 0.7859375 0.40546875 0.0296875 0.028125
54 0.890625 0.46484375 0.071875 0.0765625
54 0.9453125 0.46875 0.08125 0.08125
54 0.75390625 0.29453125 0.071875 0.078125
58 0.490625 0.8046875 0.0421875 0.0265625
58 0.784375 0.36640625 0.0359375 0.0234375
58 0.92109375 0.53828125 0.0359375 0.0234375
57 0.5046875 0.415625 0.1171875 0.0265625
53 0.6609375 0.41328125 0.021875 0.01875
53 0.49765625 0.565625 0.021875 0.0171875
58 0.78359375 0.71640625 0.034375 0.0203125
53 0.684375 0.6015625 0.021875 0.021875
53 0.81875 0.5125 0.021875 0.021875