54 0.453125 0.25 0.0859375 0.084375
54 0.153125 0.64140625 0.0703125 0.08125
54 0.0953125 0.6453125 0.0859375 0.084375
52 0.9046875 0.6453125 0.0453125 0.0203125
54 0.5078125 0.246875 0.075 0.08125
55 0.23515625 0.6484375 0.0328125 0.03125
54 0.1015625 0.3546875 0.0875 0.0890625
54 0.1578125 0.34921875 0.075 0.084375
53 0.50234375 0.565625 0.040625 0.021875
58 0.484375 0.31953125 0.0640625 0.0265625
58 0.1265625 0.71328125 0.0609375 0.025
57 0.4890625 0.41484375 0.1296875 0.0296875
58 0.525 0.80390625 0.06875 0.0328125
58 0.13125 0.42265625 0.0609375 0.03125
58 0.846875 0.35859375 0.0609375 0.0265625
4 0.68515625 0.45078125 0.03125 0.0578125
17 0.6015625 0.45625 0.03125 0.059375
32 0.5171875 0.4640625 0.0296875 0.059375
24 0.43359375 0.47265625 0.0296875 0.0578125