52 0.78203125 0.3609375 0.046875 0.021875
55 0.43515625 0.64453125 0.0265625 0.0265625
58 0.49453125 0.8046875 0.0578125 0.028125
58 0.23828125 0.3515625 0.0515625 0.0234375
58 0.92109375 0.53203125 0.0375 0.021875
52 0.78671875 0.709375 0.0484375 0.021875
52 0.20703125 0.7 0.05 0.021875
57 0.5015625 0.415625 0.1265625 0.0234375
21 0.16484375 0.61328125 0.0296875 0.0546875
22 0.2125 0.60625 0.0296875 0.05
47 0.74609375 0.6203125 0.028125 0.0578125
11 0.79140625 0.61796875 0.0265625 0.0546875
19 0.87890625 0.4421875 0.0328125 0.0546875
17 0.92421875 0.43828125 0.0265625 0.05625
24 0.73984375 0.27265625 0.0296875 0.05625
0 0.78515625 0.2703125 0.03125 0.05625
53 0.40625 0.590625 0.03125 0.01875
53 0.5 0.5671875 0.040625 0.015625
53 0.5921875 0.59375 0.0296875 0.0171875