54 0.9390625 0.42109375 0.0828125 0.0828125
55 0.61875 0.34453125 0.028125 0.0265625
54 0.8828125 0.425 0.0703125 0.078125
58 0.52109375 0.80546875 0.059375 0.03125
54 0.759375 0.26875 0.06875 0.0734375
54 0.815625 0.26640625 0.0828125 0.08125
57 0.496875 0.4125 0.13125 0.028125
58 0.22578125 0.72421875 0.053125 0.0265625
58 0.79765625 0.34140625 0.053125 0.028125
58 0.92109375 0.49375 0.053125 0.025
58 0.18515625 0.3859375 0.0515625 0.025
58 0.3875 0.32734375 0.0515625 0.0234375
58 0.584375 0.3140625 0.05 0.025
58 0.8046875 0.68671875 0.025 0.0234375
53 0.5046875 0.5671875 0.04375 0.0234375
58 0.084375 0.55390625 0.028125 0.0234375
49 0.309375 0.47890625 0.0296875 0.0578125
6 0.39296875 0.47265625 0.0328125 0.059375
10 0.47734375 0.46875 0.028125 0.0578125
7 0.56171875 0.4625 0.0296875 0.0578125
2 0.64609375 0.45703125 0.03125 0.0609375