58 0.8109375 0.675 0.05 0.025
58 0.53203125 0.803125 0.05625 0.03125
52 0.48125 0.31796875 0.05 0.0265625
55 0.7703125 0.36640625 0.03125 0.0296875
58 0.9203125 0.4796875 0.0359375 0.025
57 0.48828125 0.41484375 0.128125 0.03125
58 0.0828125 0.5671875 0.053125 0.0265625
58 0.20859375 0.3875 0.0515625 0.0265625
58 0.74921875 0.32890625 0.05 0.0265625
58 0.23125 0.7359375 0.0515625 0.0265625
30 0.684375 0.44609375 0.03125 0.05625
24 0.60078125 0.45625 0.03125 0.0578125
51 0.51640625 0.4640625 0.0328125 0.059375
12 0.4328125 0.47265625 0.03125 0.0578125
27 0.34765625 0.4828125 0.0328125 0.0578125
42 0.953125 0.38671875 0.03125 0.05625
37 0.9078125 0.38828125 0.03125 0.05625
33 0.5140625 0.228125 0.0296875 0.0546875
34 0.46640625 0.22890625 0.0328125 0.05625