52 0.08046875 0.45 0.05 0.028125
55 0.56875 0.36171875 0.03125 0.0296875
57 0.51328125 0.41484375 0.1140625 0.0359375
58 0.446875 0.8 0.0296875 0.0265625
58 0.53125 0.321875 0.0390625 0.028125
58 0.91015625 0.59609375 0.0375 0.028125
35 0.6921875 0.50078125 0.0375 0.0609375
1 0.609375 0.4828125 0.0328125 0.059375
24 0.52578125 0.47109375 0.0359375 0.059375
0 0.44140625 0.45625 0.0375 0.0609375
22 0.359375 0.4421875 0.0359375 0.0609375
38 0.1390625 0.36953125 0.0359375 0.0578125
13 0.09375 0.35859375 0.0328125 0.059375
53 0.48828125 0.56640625 0.0328125 0.025