57 0.49140625 0.41484375 0.1265625 0.0359375
29 0.47578125 0.4671875 0.0328125 0.0625
55 0.45390625 0.65234375 0.0296875 0.028125
52 0.53828125 0.80078125 0.0546875 0.03125
58 0.909375 0.62734375 0.0515625 0.028125
22 0.52890625 0.69765625 0.0375 0.0640625
58 0.47734375 0.31875 0.0515625 0.028125
58 0.13515625 0.72421875 0.053125 0.0296875
53 0.5078125 0.56484375 0.04375 0.025
58 0.13125 0.43203125 0.053125 0.0296875
58 0.84296875 0.34453125 0.0515625 0.028125
32 0.39140625 0.47734375 0.034375 0.0625
31 0.0765625 0.34765625 0.0359375 0.0578125
10 0.3078125 0.4875 0.0328125 0.059375
35 0.4796875 0.70859375 0.0375 0.0625
25 0.559375 0.459375 0.03125 0.059375
11 0.64296875 0.44765625 0.034375 0.059375
7 0.12109375 0.340625 0.034375 0.0578125