49 0.76328125 0.22265625 0.034375 0.0578125
18 0.5140625 0.4609375 0.034375 0.059375
54 0.32890625 0.50625 0.0890625 0.11875
50 0.68125 0.43359375 0.034375 0.059375
57 0.4859375 0.41328125 0.128125 0.040625
53 0.6046875 0.5734375 0.04375 0.0234375
22 0.43125 0.47421875 0.034375 0.0578125
52 0.77890625 0.31484375 0.0484375 0.0265625
53 0.50859375 0.56328125 0.04375 0.025
52 0.37265625 0.33515625 0.0515625 0.028125
55 0.6046875 0.33125 0.0296875 0.0296875
58 0.546875 0.79765625 0.0578125 0.034375
51 0.809375 0.2171875 0.0375 0.0609375
53 0.42265625 0.60234375 0.0296875 0.021875
58 0.9171875 0.45625 0.0515625 0.0296875
58 0.08828125 0.5875 0.05 0.0296875
52 0.5671875 0.30390625 0.0484375 0.0265625
26 0.59765625 0.446875 0.0359375 0.0578125
41 0.115625 0.49140625 0.034375 0.0578125
42 0.115625 0.49140625 0.034375 0.0578125
44 0.55078125 0.21328125 0.034375 0.0578125
40 0.59609375 0.2078125 0.034375 0.0578125
27 0.35625 0.24296875 0.034375 0.0578125
27 0.35625 0.24296875 0.034375 0.0578125
29 0.4015625 0.2390625 0.0296875 0.0546875
14 0.0703125 0.4953125 0.034375 0.0578125