57 0.4859375 0.41328125 0.1296875 0.034375
52 0.540625 0.79921875 0.05625 0.0328125
54 0.8859375 0.396875 0.0875 0.0875
53 0.81171875 0.4640625 0.034375 0.025
54 0.9390625 0.3890625 0.078125 0.0828125
52 0.47265625 0.31953125 0.0515625 0.0265625
53 0.51484375 0.62578125 0.0421875 0.0234375
55 0.17421875 0.58671875 0.0328125 0.03125
58 0.08359375 0.58046875 0.059375 0.0296875
58 0.91796875 0.46484375 0.0515625 0.0296875
55 0.4859375 0.5921875 0.03125 0.0375
13 0.575 0.69453125 0.0375 0.059375
7 0.525 0.7 0.0359375 0.0640625