57 0.4921875 0.4125 0.1328125 0.025
32 0.55625 0.70234375 0.034375 0.0640625
36 0.68515625 0.4546875 0.0328125 0.059375
2 0.51875 0.46328125 0.034375 0.0578125
52 0.5140625 0.8015625 0.05625 0.0296875
55 0.534375 0.34765625 0.028125 0.0296875
45 0.35 0.471875 0.0296875 0.0609375
53 0.503125 0.565625 0.0515625 0.025
58 0.0796875 0.5453125 0.0515625 0.025
47 0.11875 0.45234375 0.0328125 0.0578125
33 0.434375 0.4671875 0.0296875 0.0578125
58 0.490625 0.3171875 0.053125 0.025
37 0.0734375 0.4515625 0.028125 0.0578125
5 0.50546875 0.7 0.0296875 0.0640625
25 0.60234375 0.45859375 0.0296875 0.0578125