39 0.43125 0.4734375 0.034375 0.059375
57 0.48828125 0.41484375 0.1296875 0.0359375
0 0.6828125 0.43984375 0.0359375 0.0609375
52 0.47265625 0.31953125 0.05 0.028125
38 0.34765625 0.48515625 0.0328125 0.059375
58 0.5421875 0.8 0.0578125 0.034375
58 0.81328125 0.6609375 0.0390625 0.0265625
35 0.50390625 0.225 0.0359375 0.0578125
58 0.08515625 0.58046875 0.05 0.0265625
4 0.903125 0.37265625 0.0375 0.059375
58 0.203125 0.396875 0.0484375 0.028125
58 0.91796875 0.46328125 0.0515625 0.028125
2 0.5984375 0.45 0.034375 0.0578125
36 0.45703125 0.2265625 0.034375 0.0578125
16 0.515625 0.46328125 0.034375 0.0609375
53 0.509375 0.56484375 0.0453125 0.0265625
16 0.515625 0.46328125 0.034375 0.0609375
7 0.9484375 0.36875 0.034375 0.0578125
58 0.7421875 0.32421875 0.0375 0.0265625