12 0.56875 0.47109375 0.03125 0.0609375
57 0.509375 0.41328125 0.1359375 0.028125
30 0.65234375 0.47578125 0.03125 0.0578125
55 0.69296875 0.65625 0.028125 0.025
52 0.475 0.80078125 0.0546875 0.03125
58 0.24765625 0.33359375 0.0609375 0.0265625
58 0.0796875 0.48515625 0.05 0.0265625
58 0.9171875 0.55859375 0.0625 0.025
58 0.771875 0.72734375 0.0609375 0.0265625
58 0.5171875 0.31796875 0.0484375 0.025
58 0.78984375 0.38125 0.0640625 0.028125
58 0.19453125 0.67890625 0.0515625 0.0265625
53 0.49453125 0.5640625 0.053125 0.025
49 0.31484375 0.44609375 0.0296875 0.0609375
14 0.39921875 0.4546875 0.0328125 0.059375
25 0.4828125 0.4625 0.0296875 0.059375
45 0.4359375 0.6984375 0.0328125 0.0609375
57 0.48828125 0.65546875 0.0484375 0.0234375
23 0.7359375 0.63515625 0.0328125 0.05625
21 0.48515625 0.70078125 0.0328125 0.0609375
18 0.7828125 0.6375 0.0296875 0.0546875