57 0.4953125 0.4125 0.125 0.0234375
54 0.190625 0.6421875 0.08125 0.08125
54 0.18984375 0.2953125 0.0828125 0.08125
54 0.2453125 0.63828125 0.0671875 0.075
54 0.24609375 0.29296875 0.071875 0.078125
13 0.5203125 0.46328125 0.025 0.0578125
47 0.603125 0.46015625 0.028125 0.059375
58 0.5109375 0.803125 0.0546875 0.0265625
58 0.21640625 0.71484375 0.034375 0.021875
58 0.91953125 0.50859375 0.046875 0.021875
58 0.2171875 0.36640625 0.053125 0.0265625
53 0.50078125 0.5640625 0.040625 0.021875
58 0.75859375 0.346875 0.034375 0.021875
58 0.49375 0.31875 0.05 0.0234375
58 0.79609375 0.69453125 0.046875 0.0234375
55 0.56875 0.64140625 0.028125 0.025
15 0.35078125 0.46953125 0.028125 0.05625
50 0.434375 0.46640625 0.028125 0.05625
5 0.6875 0.4578125 0.028125 0.0578125