20 0.45703125 0.228125 0.0390625 0.0609375
57 0.48671875 0.41484375 0.1265625 0.040625
55 0.4625 0.65390625 0.0328125 0.0328125
42 0.4734375 0.46796875 0.0359375 0.059375
52 0.4703125 0.32109375 0.05 0.028125
52 0.55390625 0.7984375 0.0578125 0.034375
53 0.5109375 0.56328125 0.0453125 0.028125
58 0.91953125 0.45 0.0625 0.03125
37 0.55703125 0.453125 0.0359375 0.0609375
58 0.08984375 0.59609375 0.0546875 0.0328125
24 0.4125 0.2390625 0.0390625 0.0625
0 0.9046875 0.35703125 0.0390625 0.0640625
51 0.64140625 0.43828125 0.0359375 0.059375
51 0.64140625 0.43828125 0.0375 0.0609375
7 0.5390625 0.69609375 0.0390625 0.065625
23 0.4890625 0.709375 0.040625 0.065625
26 0.3078125 0.49765625 0.0390625 0.0625
24 0.41171875 0.24140625 0.0390625 0.0609375
1 0.3890625 0.484375 0.0328125 0.05625
11 0.8609375 0.36953125 0.034375 0.0546875