58 0.5 0.8046875 0.0578125 0.025
54 0.178125 0.6359375 0.0640625 0.0734375
54 0.2328125 0.6359375 0.078125 0.0765625
58 0.209375 0.70625 0.0515625 0.0234375
54 0.56875 0.2484375 0.065625 0.0734375
58 0.0796875 0.5234375 0.05 0.021875
54 0.621875 0.246875 0.078125 0.0765625
58 0.8078125 0.3625 0.0515625 0.0234375
58 0.9203125 0.5234375 0.053125 0.021875
58 0.403125 0.31875 0.0515625 0.0203125
57 0.5015625 0.4140625 0.1265625 0.01875
55 0.6296875 0.3515625 0.028125 0.025
58 0.790625 0.70625 0.05 0.021875
58 0.5984375 0.31875 0.0515625 0.021875
53 0.5 0.565625 0.0421875 0.01875
58 0.1921875 0.3625 0.0265625 0.01875
8 0.3125 0.4671875 0.0265625 0.05625
16 0.3953125 0.4671875 0.0234375 0.05625
32 0.4796875 0.4671875 0.0296875 0.059375
34 0.5640625 0.4671875 0.0265625 0.0578125
25 0.6484375 0.465625 0.0234375 0.0546875