37 0.4546875 0.7046875 0.028125 0.0609375
38 0.503125 0.703125 0.0296875 0.0625
53 0.50625 0.6296875 0.040625 0.01875
53 0.5046875 0.384375 0.0265625 0.01875
53 0.7375 0.415625 0.03125 0.0171875
55 0.2265625 0.39375 0.028125 0.028125
58 0.140625 0.3921875 0.071875 0.0265625
58 0.5 0.80625 0.053125 0.0265625
58 0.8921875 0.68125 0.0625 0.0234375
58 0.859375 0.3921875 0.0609375 0.0203125
58 0.5 0.321875 0.0578125 0.021875
52 0.1109375 0.6796875 0.0484375 0.0203125
57 0.5 0.4140625 0.1296875 0.0234375
54 0.4703125 0.25 0.0734375 0.071875
54 0.525 0.25 0.0796875 0.078125
54 0.1671875 0.321875 0.0796875 0.08125
54 0.10625 0.321875 0.065625 0.075
54 0.83125 0.321875 0.071875 0.075
54 0.884375 0.321875 0.08125 0.0828125