57 0.5078125 0.4140625 0.125 0.03125
33 0.6078125 0.4765625 0.03125 0.0578125
53 0.49140625 0.56484375 0.0421875 0.0234375
55 0.828125 0.5765625 0.0328125 0.03125
58 0.46796875 0.8015625 0.059375 0.0328125
2 0.69140625 0.484375 0.0328125 0.0578125
52 0.9140625 0.5671875 0.046875 0.0234375
34 0.13125 0.39375 0.0328125 0.05625
58 0.078125 0.48046875 0.0265625 0.0234375
42 0.43828125 0.45859375 0.0328125 0.0578125
26 0.35625 0.45 0.0328125 0.059375
51 0.521875 0.46796875 0.0359375 0.0609375
26 0.9671875 0.48125 0.03125 0.05625
26 0.35625 0.45 0.034375 0.059375
14 0.9671875 0.48125 0.0328125 0.0578125
13 0.084375 0.3875 0.0265625 0.0546875
10 0.921875 0.475 0.03125 0.05625