3 0.5171875 0.4609375 0.0328125 0.0578125
54 0.8734375 0.57109375 0.0828125 0.08125
54 0.92890625 0.565625 0.071875 0.078125
53 0.50390625 0.5625 0.0453125 0.0234375
42 0.60078125 0.45390625 0.03125 0.059375
57 0.490625 0.41328125 0.13125 0.0296875
58 0.484375 0.31796875 0.053125 0.028125
58 0.90234375 0.6390625 0.0484375 0.025
58 0.1265625 0.71015625 0.053125 0.028125
58 0.5265625 0.80078125 0.059375 0.03125
55 0.7640625 0.3640625 0.028125 0.028125
58 0.846875 0.35546875 0.0515625 0.0265625
25 0.68515625 0.44609375 0.028125 0.0578125