12 0.08515625 0.384375 0.034375 0.0625
39 0.43984375 0.4578125 0.034375 0.0609375
30 0.6078125 0.475 0.034375 0.0625
57 0.509375 0.41328125 0.1375 0.0328125
52 0.5171875 0.31796875 0.0515625 0.0265625
52 0.46640625 0.8015625 0.0578125 0.0328125
55 0.16484375 0.50703125 0.0328125 0.0296875
52 0.078125 0.47734375 0.046875 0.021875
6 0.52421875 0.46640625 0.034375 0.0609375
35 0.3546875 0.4484375 0.034375 0.059375
53 0.58203125 0.6 0.046875 0.025
4 0.47421875 0.7 0.0375 0.0671875
51 0.13125 0.39375 0.0375 0.0609375
53 0.49609375 0.5640625 0.05 0.0234375
58 0.915625 0.5671875 0.0515625 0.0265625
35 0.35625 0.4484375 0.0359375 0.0609375
37 0.9671875 0.48125 0.0328125 0.0578125
21 0.69140625 0.484375 0.0328125 0.0625
5 0.525 0.70859375 0.0359375 0.065625
24 0.9203125 0.4734375 0.0359375 0.0625