52 0.921875 0.51640625 0.046875 0.021875
55 0.45390625 0.35234375 0.0265625 0.025
57 0.5 0.4140625 0.1125 0.01875
58 0.50546875 0.8046875 0.0265625 0.021875
58 0.496875 0.31875 0.0359375 0.021875
58 0.08046875 0.53046875 0.034375 0.021875
35 0.31015625 0.4703125 0.0296875 0.05625
1 0.39453125 0.465625 0.025 0.05625
24 0.47890625 0.4671875 0.028125 0.05625
0 0.56484375 0.46640625 0.0296875 0.05625
22 0.64765625 0.46484375 0.028125 0.0578125
38 0.8765625 0.428125 0.028125 0.0546875
13 0.9234375 0.42421875 0.025 0.05625
53 0.5015625 0.5671875 0.0296875 0.0203125