23 0.48515625 0.46171875 0.0375 0.059375
42 0.4015625 0.4484375 0.034375 0.0609375
52 0.459375 0.79921875 0.0546875 0.0328125
38 0.47578125 0.696875 0.0375 0.0625
57 0.5140625 0.41328125 0.1265625 0.034375
55 0.16328125 0.49375 0.03125 0.0296875
52 0.52734375 0.31953125 0.0515625 0.0265625
52 0.08125 0.46171875 0.05 0.0265625
58 0.91484375 0.58203125 0.0609375 0.028125
53 0.49296875 0.56328125 0.046875 0.0265625
45 0.42578125 0.69296875 0.0375 0.0625
11 0.65234375 0.48515625 0.0375 0.059375
36 0.053125 0.36796875 0.034375 0.0578125
37 0.93125 0.48828125 0.034375 0.059375
35 0.88359375 0.4859375 0.0375 0.0578125
17 0.31796875 0.43671875 0.034375 0.0609375
25 0.31796875 0.43828125 0.034375 0.059375
24 0.5703125 0.4734375 0.0359375 0.0625
36 0.0515625 0.3671875 0.0359375 0.059375
15 0.0984375 0.36953125 0.0359375 0.059375
16 0.5703125 0.4734375 0.0359375 0.0625