55 0.8421875 0.49375 0.03125 0.03125
58 0.53046875 0.803125 0.053125 0.0296875
58 0.084375 0.56875 0.05 0.025
58 0.76171875 0.3328125 0.0515625 0.0265625
52 0.8109375 0.6765625 0.0484375 0.025
58 0.921875 0.47734375 0.0375 0.021875
57 0.49375 0.4140625 0.1265625 0.0296875
53 0.50703125 0.5671875 0.0453125 0.025
11 0.9140625 0.3859375 0.034375 0.0578125
39 0.30859375 0.484375 0.034375 0.0609375
19 0.7578125 0.5875 0.034375 0.05625
22 0.8671875 0.39375 0.0328125 0.0578125
11 0.9140625 0.3859375 0.0359375 0.0578125
27 0.4765625 0.46796875 0.0328125 0.0609375
22 0.3921875 0.4765625 0.03125 0.0625
18 0.80390625 0.5828125 0.0328125 0.05625