12 0.56796875 0.471875 0.034375 0.0625
4 0.40078125 0.4515625 0.0328125 0.0609375
57 0.5125 0.41171875 0.128125 0.034375
58 0.46328125 0.79765625 0.059375 0.0328125
7 0.484375 0.46015625 0.0328125 0.0609375
53 0.4921875 0.56328125 0.0453125 0.0265625
58 0.91640625 0.571875 0.053125 0.028125
58 0.82109375 0.39921875 0.0515625 0.03125
55 0.15546875 0.496875 0.0296875 0.0296875
58 0.42578125 0.30703125 0.0515625 0.028125
58 0.7640625 0.73671875 0.05 0.028125
58 0.18671875 0.66640625 0.0515625 0.028125
58 0.6203125 0.33046875 0.053125 0.028125
58 0.21171875 0.32421875 0.0546875 0.03125
58 0.08203125 0.46875 0.0515625 0.028125
30 0.48046875 0.69453125 0.0328125 0.05625
33 0.42890625 0.69296875 0.0328125 0.053125
30 0.65 0.48203125 0.028125 0.05625
10 0.315625 0.43984375 0.03125 0.0578125
29 0.6515625 0.48203125 0.0296875 0.0578125