12 0.603125 0.46328125 0.028125 0.059375
57 0.4953125 0.4140625 0.121875 0.0234375
35 0.6875 0.459375 0.028125 0.0578125
22 0.91328125 0.41484375 0.03125 0.0578125
58 0.5109375 0.803125 0.0546875 0.028125
55 0.8359375 0.53046875 0.0296875 0.028125
49 0.51875 0.46484375 0.028125 0.0578125
52 0.4921875 0.3171875 0.0484375 0.021875
53 0.50078125 0.565625 0.040625 0.0203125
36 0.43359375 0.46953125 0.028125 0.059375
52 0.92109375 0.50859375 0.046875 0.021875
0 0.07265625 0.44609375 0.0296875 0.0578125
58 0.08046875 0.53828125 0.0484375 0.021875
2 0.35078125 0.47109375 0.028125 0.0578125
6 0.11953125 0.44609375 0.03125 0.0546875
33 0.96015625 0.41796875 0.028125 0.05625
35 0.6875 0.459375 0.028125 0.0578125