54 0.4453125 0.25 0.090625 0.0890625
58 0.53671875 0.79921875 0.0625 0.034375
58 0.1296875 0.43203125 0.053125 0.028125
57 0.4875 0.41328125 0.128125 0.0375
58 0.47578125 0.3171875 0.053125 0.028125
54 0.4984375 0.24375 0.078125 0.0828125
54 0.15 0.35703125 0.08125 0.084375
58 0.13359375 0.72265625 0.053125 0.028125
55 0.58125 0.63359375 0.0328125 0.03125
54 0.09765625 0.36484375 0.090625 0.0890625
58 0.9078125 0.6265625 0.0265625 0.025
53 0.50625 0.5609375 0.0453125 0.0265625
36 0.515625 0.46015625 0.0328125 0.0609375
34 0.43203125 0.4703125 0.0328125 0.0578125
33 0.59921875 0.45 0.0328125 0.0609375
19 0.68515625 0.44140625 0.03125 0.05625