2 0.31875 0.43984375 0.040625 0.0609375
10 0.40078125 0.45 0.034375 0.059375
4 0.484375 0.46328125 0.034375 0.065625
44 0.42890625 0.69609375 0.0390625 0.065625
37 0.48046875 0.70078125 0.034375 0.0640625
55 0.475 0.34765625 0.03125 0.03125
58 0.52265625 0.31875 0.0296875 0.025
58 0.15703125 0.34453125 0.053125 0.028125
58 0.090625 0.62890625 0.0546875 0.028125
58 0.871875 0.43359375 0.05625 0.0328125
58 0.865625 0.72421875 0.0578125 0.034375
58 0.46484375 0.79921875 0.059375 0.0359375
57 0.51171875 0.41484375 0.1265625 0.0359375
53 0.49375 0.5625 0.0453125 0.0296875
56 0.75859375 0.84375 0.3921875 0.125
53 0.74453125 0.4421875 0.0453125 0.0265625