8 0.31875 0.44140625 0.0375 0.0625
48 0.653125 0.48984375 0.0359375 0.0578125
32 0.7296875 0.65078125 0.04375 0.0609375
35 0.39921875 0.45234375 0.0359375 0.05625
39 0.484375 0.46484375 0.034375 0.0578125
47 0.775 0.65390625 0.0375 0.05625
6 0.56796875 0.475 0.0375 0.0625
46 0.4765625 0.7015625 0.0390625 0.0625
41 0.425 0.69765625 0.034375 0.0625
58 0.08125 0.46796875 0.0546875 0.028125
58 0.5265625 0.32265625 0.0421875 0.025
58 0.796875 0.4 0.04375 0.025
58 0.76015625 0.74609375 0.0390625 0.025
58 0.1828125 0.6671875 0.0625 0.0296875
52 0.45703125 0.803125 0.053125 0.0296875
53 0.4921875 0.56796875 0.046875 0.025
57 0.51328125 0.41640625 0.1296875 0.0390625
55 0.79765625 0.4375 0.034375 0.034375