57 0.5015625 0.4140625 0.125 0.0203125
29 0.4796875 0.4640625 0.025 0.059375
55 0.4359375 0.6453125 0.0265625 0.025
52 0.5015625 0.803125 0.0515625 0.025
58 0.890625 0.6765625 0.05 0.021875
22 0.5046875 0.7 0.0296875 0.0609375
58 0.5 0.3171875 0.05 0.021875
58 0.1109375 0.678125 0.05 0.0234375
53 0.5 0.565625 0.0421875 0.0203125
58 0.1421875 0.3875 0.05 0.0234375
58 0.859375 0.3875 0.05 0.021875
32 0.3953125 0.4640625 0.028125 0.059375
31 0.0984375 0.296875 0.0296875 0.0546875
10 0.3109375 0.4640625 0.0265625 0.05625
35 0.4546875 0.7046875 0.03125 0.059375
25 0.5640625 0.4671875 0.025 0.05625
11 0.6484375 0.465625 0.028125 0.05625
7 0.14375 0.2953125 0.028125 0.0546875