57 0.4953125 0.4140625 0.1265625 0.025
54 0.42421875 0.25078125 0.071875 0.078125
54 0.36953125 0.253125 0.0828125 0.0859375
54 0.1109375 0.46484375 0.071875 0.075
54 0.0546875 0.4671875 0.0796875 0.0796875
55 0.62421875 0.3453125 0.028125 0.028125
58 0.08046875 0.53515625 0.05 0.0234375
58 0.21640625 0.71171875 0.05 0.0234375
58 0.3953125 0.32109375 0.053125 0.025
58 0.51015625 0.8015625 0.0578125 0.028125
58 0.1875 0.371875 0.025 0.0234375
58 0.79609375 0.69140625 0.0234375 0.0234375
27 0.6875 0.4578125 0.028125 0.0578125
53 0.50234375 0.5640625 0.04375 0.021875
58 0.590625 0.3140625 0.0515625 0.0234375
58 0.8015625 0.35 0.0515625 0.0265625
58 0.91953125 0.50546875 0.025 0.0234375
40 0.51875 0.46328125 0.0296875 0.0609375
31 0.603125 0.46015625 0.028125 0.059375
31 0.603125 0.46015625 0.028125 0.059375