57 0.4953125 0.4109375 0.115625 0.0234375
54 0.85625 0.3078125 0.065625 0.0671875
56 0.2109375 0.81953125 0.39375 0.0921875
55 0.80859375 0.4296875 0.03125 0.0296875
41 0.6890625 0.4609375 0.0265625 0.059375
54 0.8015625 0.3125 0.0796875 0.078125
2 0.434375 0.46640625 0.028125 0.0578125
58 0.165625 0.40859375 0.034375 0.0234375
39 0.51875 0.46171875 0.0296875 0.059375
58 0.51015625 0.8015625 0.040625 0.028125
58 0.82421875 0.38359375 0.03125 0.0234375
9 0.603125 0.46328125 0.025 0.0578125
6 0.35078125 0.46953125 0.03125 0.0578125
53 0.50234375 0.5625 0.0296875 0.021875
29 0.50390625 0.7 0.028125 0.0625
34 0.55390625 0.703125 0.03125 0.05625