31 0.13125 0.3921875 0.0359375 0.059375
22 0.6078125 0.475 0.0328125 0.059375
57 0.5078125 0.4125 0.1328125 0.03125
19 0.83203125 0.30078125 0.034375 0.0578125
51 0.6921875 0.4828125 0.0359375 0.0609375
52 0.078125 0.47734375 0.05 0.025
58 0.46796875 0.8015625 0.06875 0.0328125
58 0.77890625 0.38671875 0.05 0.0265625
55 0.2296875 0.36640625 0.028125 0.028125
58 0.9140625 0.565625 0.059375 0.028125
58 0.765625 0.73515625 0.0515625 0.0265625
58 0.51875 0.31953125 0.0515625 0.0296875
58 0.19140625 0.6734375 0.059375 0.028125
58 0.23671875 0.328125 0.05625 0.028125
18 0.784375 0.29296875 0.03125 0.053125
53 0.49296875 0.565625 0.0515625 0.025
49 0.0859375 0.3875 0.0296875 0.0546875
1 0.52421875 0.46640625 0.03125 0.0609375
29 0.0859375 0.3875 0.0296875 0.0546875