55 0.56875 0.36015625 0.0296875 0.028125
52 0.08125 0.446875 0.0484375 0.028125
58 0.90703125 0.59375 0.0359375 0.0265625
58 0.44609375 0.796875 0.0390625 0.028125
53 0.4890625 0.56328125 0.034375 0.0234375
58 0.53046875 0.31796875 0.0390625 0.028125
28 0.09375 0.35546875 0.0359375 0.0578125
57 0.515625 0.4125 0.1140625 0.0359375
27 0.5265625 0.46796875 0.0359375 0.0609375
49 0.1390625 0.36796875 0.034375 0.05625
4 0.609375 0.484375 0.0359375 0.0609375
8 0.6921875 0.49765625 0.0359375 0.059375
22 0.9234375 0.5015625 0.0375 0.059375
20 0.44296875 0.453125 0.0359375 0.059375
46 0.96875 0.5140625 0.0359375 0.05625
46 0.96875 0.5125 0.0359375 0.05625
29 0.36015625 0.4390625 0.03125 0.0578125