42 0.64296875 0.44296875 0.034375 0.059375
14 0.39296875 0.48203125 0.0375 0.059375
30 0.23671875 0.65703125 0.0375 0.0578125
17 0.47421875 0.46953125 0.0328125 0.059375
31 0.30859375 0.4984375 0.0375 0.0625
47 0.19296875 0.6671875 0.0390625 0.0609375
15 0.8078125 0.56640625 0.034375 0.059375
23 0.559375 0.45703125 0.0390625 0.0640625
19 0.7625 0.57734375 0.0375 0.0625
55 0.35 0.3734375 0.034375 0.034375
52 0.2484375 0.75 0.0515625 0.03125
57 0.48671875 0.41796875 0.128125 0.040625
58 0.54921875 0.80078125 0.059375 0.0328125
58 0.090625 0.59140625 0.03125 0.028125
58 0.1765625 0.41328125 0.0546875 0.03125
58 0.3765625 0.3375 0.0296875 0.028125
58 0.56875 0.30703125 0.0546875 0.03125
58 0.7828125 0.31796875 0.05625 0.0296875
58 0.9203125 0.45859375 0.0328125 0.028125
53 0.51015625 0.56640625 0.046875 0.0265625