58 0.14296875 0.38125 0.0515625 0.0234375
58 0.49609375 0.8015625 0.05625 0.0296875
55 0.7765625 0.39375 0.0296875 0.028125
57 0.5046875 0.4125 0.125 0.021875
56 0.79140625 0.81484375 0.390625 0.0875
58 0.8890625 0.68515625 0.0515625 0.028125
58 0.8609375 0.39375 0.0515625 0.025
58 0.10625 0.66953125 0.05 0.0203125
58 0.503125 0.3171875 0.028125 0.0234375
53 0.50078125 0.5625 0.04375 0.0234375
54 0.8859375 0.32421875 0.0828125 0.08125
54 0.8328125 0.32265625 0.0734375 0.0796875
28 0.31171875 0.4609375 0.0296875 0.0578125
45 0.39609375 0.4609375 0.028125 0.0578125
25 0.48046875 0.4640625 0.028125 0.059375
39 0.45078125 0.70234375 0.0328125 0.059375
38 0.5015625 0.6984375 0.03125 0.0625