38 0.5390625 0.715625 0.0296875 0.0546875
54 0.896875 0.33125 0.071875 0.0796875
3 0.60625 0.46796875 0.028125 0.0578125
54 0.1765625 0.30546875 0.071875 0.078125
54 0.840625 0.32890625 0.08125 0.084375
57 0.5015625 0.4140625 0.125 0.021875
54 0.1234375 0.30390625 0.084375 0.08125
58 0.48984375 0.8 0.0546875 0.028125
53 0.49765625 0.5625 0.0421875 0.0203125
58 0.5046875 0.3171875 0.0546875 0.025
53 0.2671875 0.40625 0.04375 0.0234375
53 0.7390625 0.42109375 0.0453125 0.021875
55 0.22890625 0.3796875 0.028125 0.028125
58 0.103125 0.6625 0.0546875 0.025
58 0.14453125 0.375 0.0515625 0.021875
58 0.86171875 0.4 0.053125 0.025
58 0.8828125 0.68984375 0.0484375 0.021875
24 0.68984375 0.4703125 0.028125 0.059375
5 0.4875 0.7140625 0.025 0.059375
5 0.521875 0.46328125 0.028125 0.059375
28 0.68984375 0.4703125 0.028125 0.059375
6 0.521875 0.46484375 0.028125 0.059375