58 0.140625 0.3875 0.0515625 0.021875
58 0.5015625 0.8015625 0.05625 0.028125
55 0.775 0.3890625 0.0296875 0.028125
57 0.503125 0.4125 0.125 0.0203125
56 0.796875 0.809375 0.3890625 0.08125
58 0.8921875 0.678125 0.0515625 0.0265625
58 0.859375 0.3875 0.0515625 0.0234375
58 0.109375 0.6765625 0.05 0.01875
58 0.5 0.3171875 0.028125 0.0234375
53 0.5015625 0.5625 0.04375 0.0234375
54 0.8828125 0.3171875 0.08125 0.0796875
54 0.8296875 0.3171875 0.071875 0.078125
28 0.3109375 0.4640625 0.028125 0.0578125
45 0.3953125 0.4625 0.0265625 0.0578125
25 0.4796875 0.4640625 0.0265625 0.059375
39 0.4546875 0.703125 0.03125 0.059375
38 0.5046875 0.6984375 0.0296875 0.0625