19 0.58046875 0.69375 0.040625 0.065625
57 0.48515625 0.415625 0.134375 0.040625
55 0.58828125 0.63203125 0.03125 0.03125
52 0.46640625 0.3203125 0.05 0.0296875
52 0.55234375 0.7984375 0.053125 0.03125
18 0.53046875 0.69765625 0.0375 0.0640625
29 0.596875 0.44765625 0.034375 0.0609375
58 0.08828125 0.59609375 0.0625 0.03125
51 0.43046875 0.47578125 0.0375 0.0640625
58 0.91796875 0.45 0.053125 0.03125
21 0.44921875 0.228125 0.0359375 0.0578125
4 0.5125 0.46171875 0.0359375 0.0625
53 0.60625 0.5734375 0.053125 0.0265625
53 0.51171875 0.56484375 0.04375 0.0265625
5 0.68125 0.43125 0.0359375 0.0609375
35 0.115625 0.49921875 0.040625 0.059375
14 0.06796875 0.50625 0.0328125 0.0546875
27 0.49453125 0.228125 0.0328125 0.0546875