12 0.43046875 0.47578125 0.0359375 0.0625
4 0.596875 0.44609375 0.0359375 0.0609375
57 0.4828125 0.4125 0.128125 0.040625
58 0.55234375 0.7953125 0.059375 0.0359375
7 0.51328125 0.459375 0.0359375 0.0609375
53 0.5109375 0.56328125 0.046875 0.0296875
58 0.08828125 0.59296875 0.0546875 0.03125
58 0.17421875 0.41640625 0.0515625 0.0328125
55 0.84375 0.47890625 0.03125 0.03125
58 0.56328125 0.303125 0.053125 0.0296875
58 0.24921875 0.75078125 0.0515625 0.0296875
58 0.82109375 0.64921875 0.053125 0.0296875
58 0.37109375 0.33671875 0.0546875 0.03125
58 0.77890625 0.309375 0.0546875 0.0328125
58 0.915625 0.44765625 0.053125 0.0296875
30 0.5296875 0.69296875 0.0359375 0.05625
33 0.58125 0.6890625 0.034375 0.053125
30 0.34921875 0.48984375 0.03125 0.0578125
10 0.68125 0.4296875 0.034375 0.0578125
29 0.34765625 0.490625 0.0328125 0.0578125