58 0.52109375 0.80234375 0.0703125 0.03125
57 0.49375 0.4125 0.1359375 0.0265625
55 0.44765625 0.64765625 0.0296875 0.028125
58 0.08203125 0.55078125 0.0296875 0.0234375
12 0.47734375 0.465625 0.03125 0.059375
52 0.4890625 0.3171875 0.05 0.0234375
58 0.22578125 0.72421875 0.059375 0.025
58 0.2265625 0.3765625 0.0578125 0.025
53 0.5046875 0.5640625 0.0515625 0.0234375
58 0.76875 0.33828125 0.05625 0.025
58 0.92109375 0.4921875 0.05 0.025
58 0.80234375 0.684375 0.059375 0.0265625
35 0.03359375 0.465625 0.0328125 0.05625
33 0.4390625 0.23203125 0.028125 0.0546875
23 0.6453125 0.45390625 0.03125 0.0578125
46 0.30859375 0.47578125 0.0296875 0.0578125
39 0.48359375 0.22578125 0.0296875 0.0546875
37 0.08046875 0.45859375 0.028125 0.0578125
6 0.39296875 0.47109375 0.03125 0.0578125
16 0.56171875 0.459375 0.0328125 0.059375
6 0.39296875 0.47109375 0.03125 0.0578125
16 0.56171875 0.459375 0.0328125 0.059375
37 0.08046875 0.45859375 0.028125 0.0546875
55 0.26796875 0.67578125 0.0296875 0.021875