58 0.47890625 0.80234375 0.0546875 0.028125
58 0.41328125 0.309375 0.0359375 0.0234375
55 0.37890625 0.34609375 0.028125 0.028125
42 0.43828125 0.459375 0.0296875 0.0578125
58 0.07734375 0.4921875 0.046875 0.025
58 0.77421875 0.72265625 0.0359375 0.0234375
58 0.91953125 0.5515625 0.0484375 0.025
57 0.5046875 0.4125 0.1265625 0.0265625
58 0.8140625 0.38125 0.0453125 0.025
44 0.12734375 0.40625 0.03125 0.0578125
53 0.4953125 0.5640625 0.04375 0.021875
52 0.19609375 0.68359375 0.046875 0.0234375
32 0.24375 0.59765625 0.03125 0.0578125
33 0.52265625 0.465625 0.03125 0.059375
28 0.69140625 0.47734375 0.0328125 0.0609375
4 0.19921875 0.58984375 0.03125 0.059375
31 0.08125 0.3984375 0.03125 0.0578125
29 0.60703125 0.47109375 0.0296875 0.059375
4 0.19921875 0.58984375 0.03125 0.059375
58 0.609375 0.32734375 0.0484375 0.025