30 0.4671875 0.69765625 0.0359375 0.0640625
57 0.5109375 0.41328125 0.125 0.034375
48 0.525 0.4671875 0.0359375 0.0625
22 0.5359375 0.22421875 0.034375 0.059375
52 0.45625 0.8 0.05625 0.034375
23 0.5796875 0.23515625 0.0359375 0.0578125
55 0.5421875 0.65078125 0.03125 0.0328125
52 0.52421875 0.31875 0.0515625 0.028125
4 0.60859375 0.47890625 0.0359375 0.0609375
51 0.51796875 0.7078125 0.0390625 0.065625
38 0.6921875 0.4890625 0.034375 0.0609375
53 0.49140625 0.56328125 0.046875 0.0265625
58 0.07890625 0.46328125 0.053125 0.028125
14 0.43984375 0.45390625 0.034375 0.059375
58 0.91328125 0.58203125 0.053125 0.0296875
27 0.0890625 0.36953125 0.0390625 0.0625
46 0.134375 0.38203125 0.0328125 0.0546875