12 0.5046875 0.225 0.0265625 0.0578125
57 0.5015625 0.4140625 0.125 0.0171875
11 0.3953125 0.465625 0.0296875 0.0578125
47 0.4578125 0.228125 0.0296875 0.05625
55 0.4359375 0.6453125 0.0265625 0.0265625
52 0.5015625 0.31875 0.046875 0.021875
3 0.4796875 0.465625 0.028125 0.0578125
58 0.5 0.8046875 0.0578125 0.0265625
53 0.5 0.5640625 0.0421875 0.01875
52 0.921875 0.521875 0.046875 0.01875
28 0.65 0.4640625 0.028125 0.059375
58 0.08125 0.5234375 0.05 0.021875
44 0.878125 0.4328125 0.028125 0.0546875
26 0.3109375 0.4640625 0.028125 0.0578125
29 0.5640625 0.4640625 0.025 0.0578125
25 0.4546875 0.7046875 0.03125 0.059375
17 0.565625 0.4640625 0.025 0.05625
38 0.925 0.4296875 0.028125 0.0546875
10 0.925 0.4296875 0.028125 0.0546875
1 0.5046875 0.7 0.0296875 0.0625
5 0.4546875 0.703125 0.0296875 0.059375