26 0.9078125 0.3921875 0.03125 0.0578125
57 0.490625 0.41484375 0.128125 0.0296875
53 0.50546875 0.5640625 0.0421875 0.0234375
52 0.4828125 0.31953125 0.0484375 0.025
55 0.1703125 0.57109375 0.03125 0.03125
58 0.5265625 0.80078125 0.05625 0.03125
29 0.4328125 0.46953125 0.03125 0.0609375
58 0.08203125 0.56015625 0.0609375 0.0265625
37 0.60078125 0.4546875 0.03125 0.0578125
36 0.34765625 0.47890625 0.034375 0.0609375
58 0.91953125 0.48671875 0.0515625 0.0265625
18 0.68515625 0.44765625 0.03125 0.0578125
17 0.5171875 0.4625 0.03125 0.059375
4 0.47265625 0.2265625 0.0328125 0.059375
5 0.51796875 0.22578125 0.0328125 0.05625
48 0.9546875 0.39296875 0.0359375 0.0578125
17 0.5171875 0.4625 0.03125 0.059375