23 0.47890625 0.4625 0.0296875 0.05625
42 0.39453125 0.4640625 0.0296875 0.0578125
57 0.5 0.4125 0.121875 0.01875
52 0.50703125 0.8015625 0.0515625 0.028125
38 0.50625 0.6984375 0.03125 0.0609375
52 0.4984375 0.3171875 0.0484375 0.021875
52 0.08203125 0.52734375 0.04375 0.0203125
55 0.16640625 0.54453125 0.0296875 0.0265625
58 0.9203125 0.51640625 0.059375 0.021875
53 0.50078125 0.5640625 0.04375 0.0203125
17 0.31015625 0.465625 0.0296875 0.05625
15 0.08125 0.43359375 0.028125 0.05625
37 0.9234375 0.42109375 0.028125 0.05625
45 0.45703125 0.70234375 0.03125 0.059375
36 0.03828125 0.4390625 0.028125 0.0546875
35 0.8765625 0.4265625 0.03125 0.05625
25 0.31015625 0.465625 0.028125 0.05625