12 0.925 0.428125 0.028125 0.059375
57 0.5015625 0.4125 0.125 0.0171875
28 0.3109375 0.4640625 0.028125 0.0578125
4 0.5046875 0.7015625 0.03125 0.0640625
52 0.5 0.803125 0.053125 0.025
55 0.834375 0.540625 0.028125 0.0265625
58 0.5 0.31875 0.05 0.021875
8 0.5640625 0.465625 0.028125 0.0578125
36 0.8796875 0.434375 0.0296875 0.059375
53 0.5 0.5640625 0.040625 0.01875
58 0.921875 0.5234375 0.059375 0.0203125
58 0.0796875 0.5234375 0.0515625 0.021875
23 0.6484375 0.4640625 0.0265625 0.05625
27 0.4796875 0.4640625 0.0265625 0.0578125
25 0.453125 0.7046875 0.028125 0.059375
5 0.4546875 0.7046875 0.0265625 0.0578125
14 0.3953125 0.465625 0.0265625 0.0578125