32 0.30859375 0.490625 0.034375 0.0609375
29 0.390625 0.48046875 0.03125 0.0609375
30 0.47421875 0.46875 0.03125 0.0546875
4 0.559375 0.459375 0.034375 0.059375
2 0.64296875 0.44921875 0.0328125 0.0578125
24 0.7046875 0.2421875 0.034375 0.05625
0 0.75078125 0.2328125 0.0359375 0.05625
19 0.8671875 0.390625 0.034375 0.0546875
17 0.91015625 0.38046875 0.028125 0.0546875
47 0.7609375 0.5859375 0.034375 0.059375
11 0.80390625 0.57890625 0.0328125 0.059375
21 0.18203125 0.65703125 0.03125 0.05625
22 0.23203125 0.64765625 0.034375 0.0546875
55 0.45625 0.653125 0.028125 0.025
57 0.49140625 0.41796875 0.128125 0.0359375
58 0.22109375 0.39296875 0.053125 0.0265625
58 0.5359375 0.80390625 0.065625 0.0328125
58 0.921875 0.4734375 0.040625 0.0296875
53 0.41796875 0.603125 0.0296875 0.0234375
53 0.5078125 0.56640625 0.04375 0.021875
53 0.60390625 0.5796875 0.0328125 0.01875
52 0.23828125 0.73984375 0.046875 0.025
52 0.8140625 0.67109375 0.05 0.025
52 0.75859375 0.3265625 0.05 0.025