34 0.31171875 0.459375 0.028125 0.05625
12 0.9265625 0.4359375 0.0296875 0.0578125
48 0.48046875 0.4640625 0.0296875 0.059375
57 0.503125 0.4125 0.121875 0.0171875
52 0.49609375 0.8015625 0.053125 0.028125
0 0.084375 0.42265625 0.028125 0.0578125
52 0.08125 0.51328125 0.0453125 0.021875
52 0.5046875 0.3171875 0.0484375 0.021875
55 0.16484375 0.53515625 0.03125 0.028125
30 0.5 0.7 0.03125 0.059375
53 0.4046875 0.5875 0.0453125 0.021875
20 0.87890625 0.4390625 0.03125 0.0546875
53 0.49921875 0.5640625 0.04375 0.0203125
58 0.92265625 0.52890625 0.0546875 0.021875
31 0.64921875 0.46484375 0.028125 0.059375
19 0.44921875 0.70234375 0.0328125 0.0625
27 0.45078125 0.70234375 0.0328125 0.0609375
26 0.5015625 0.7 0.0296875 0.059375
40 0.0390625 0.4234375 0.028125 0.053125
21 0.39609375 0.4640625 0.0234375 0.05625
14 0.56484375 0.46640625 0.028125 0.0546875