57 0.5046875 0.4125 0.1296875 0.0265625
36 0.43671875 0.459375 0.0328125 0.059375
12 0.08125 0.3984375 0.0328125 0.059375
55 0.83046875 0.5625 0.0328125 0.03125
52 0.5109375 0.3171875 0.05 0.0234375
53 0.4953125 0.5625 0.0453125 0.0234375
58 0.91796875 0.54921875 0.0515625 0.0234375
58 0.47890625 0.80078125 0.0578125 0.0296875
21 0.52265625 0.465625 0.0296875 0.0578125
11 0.3546875 0.45390625 0.0328125 0.0578125
37 0.60703125 0.46953125 0.0296875 0.059375
48 0.12578125 0.40625 0.0359375 0.059375
24 0.69140625 0.47734375 0.034375 0.0609375
45 0.96796875 0.4609375 0.0328125 0.0515625
58 0.07578125 0.49375 0.0578125 0.0234375
1 0.92109375 0.45390625 0.0265625 0.05