31 0.884375 0.49140625 0.0375 0.0609375
57 0.5140625 0.41328125 0.1359375 0.0421875
52 0.91328125 0.5875 0.05 0.028125
19 0.23046875 0.221875 0.0359375 0.0578125
58 0.26015625 0.31796875 0.0515625 0.03125
58 0.453125 0.79765625 0.06875 0.0359375
55 0.79609375 0.440625 0.0296875 0.028125
58 0.75546875 0.74609375 0.059375 0.0296875
53 0.48984375 0.56328125 0.053125 0.028125
58 0.0828125 0.45625 0.0609375 0.0328125
58 0.52890625 0.31953125 0.0515625 0.03125
58 0.1828125 0.65546875 0.053125 0.0296875
58 0.7984375 0.4015625 0.0578125 0.0296875
18 0.27734375 0.22578125 0.0328125 0.053125
29 0.92890625 0.4984375 0.0328125 0.05625
29 0.92890625 0.4984375 0.0328125 0.05625