32 0.30859375 0.4875 0.034375 0.0609375
29 0.390625 0.478125 0.03125 0.059375
30 0.475 0.46796875 0.0296875 0.053125
4 0.56015625 0.4609375 0.034375 0.059375
2 0.64453125 0.4515625 0.0328125 0.0578125
24 0.70859375 0.2453125 0.0328125 0.05625
0 0.75546875 0.2375 0.034375 0.05625
19 0.86953125 0.396875 0.0328125 0.0546875
17 0.9125 0.3875 0.0265625 0.0546875
47 0.759375 0.590625 0.034375 0.059375
11 0.80234375 0.584375 0.0328125 0.059375
21 0.1796875 0.6515625 0.0296875 0.0546875
22 0.22890625 0.64296875 0.0328125 0.0546875
55 0.453125 0.65234375 0.0265625 0.025
57 0.49296875 0.4171875 0.128125 0.0328125
58 0.22265625 0.3875 0.053125 0.025
58 0.53046875 0.8046875 0.0640625 0.03125
58 0.921875 0.48046875 0.040625 0.028125
53 0.41640625 0.6015625 0.0296875 0.0234375
53 0.50703125 0.5671875 0.04375 0.021875
53 0.603125 0.58203125 0.0328125 0.01875
52 0.234375 0.73515625 0.046875 0.025
52 0.8109375 0.6765625 0.05 0.0234375
52 0.76171875 0.33125 0.05 0.0234375