54 0.1953125 0.32265625 0.0796875 0.0796875
55 0.81171875 0.44609375 0.03125 0.028125
58 0.171875 0.39296875 0.0359375 0.021875
58 0.8328125 0.40390625 0.0359375 0.021875
58 0.49453125 0.803125 0.040625 0.028125
57 0.5015625 0.4140625 0.1046875 0.0203125
54 0.140625 0.321875 0.06875 0.075
56 0.79140625 0.81640625 0.384375 0.084375
53 0.49921875 0.565625 0.0234375 0.0203125
4 0.48046875 0.465625 0.028125 0.0578125
42 0.31015625 0.4640625 0.028125 0.053125
20 0.39609375 0.465625 0.028125 0.05625
41 0.44921875 0.70390625 0.028125 0.05625
47 0.49921875 0.7015625 0.03125 0.0609375