12 0.0765625 0.42109375 0.0296875 0.0578125
57 0.5 0.4125 0.134375 0.01875
52 0.49296875 0.803125 0.0546875 0.0265625
24 0.9171875 0.43515625 0.0296875 0.05625
52 0.5015625 0.315625 0.046875 0.0234375
55 0.16484375 0.53671875 0.028125 0.0265625
53 0.590625 0.5921875 0.04375 0.01875
30 0.60546875 0.465625 0.0296875 0.0578125
52 0.078125 0.51484375 0.0453125 0.01875
4 0.49140625 0.7015625 0.0328125 0.0640625
51 0.1234375 0.4265625 0.0328125 0.05625
53 0.50234375 0.565625 0.0453125 0.021875
26 0.52109375 0.4625 0.0296875 0.0578125
21 0.68984375 0.465625 0.028125 0.05625
58 0.91953125 0.52890625 0.0484375 0.0234375
55 0.62890625 0.56796875 0.0234375 0.025
30 0.60546875 0.465625 0.03125 0.0578125
6 0.52109375 0.4640625 0.0296875 0.0578125
5 0.54296875 0.70546875 0.03125 0.059375
37 0.96328125 0.440625 0.028125 0.0546875