2 0.65 0.4640625 0.028125 0.05625
57 0.5015625 0.4125 0.134375 0.01875
33 0.1921875 0.2671875 0.025 0.053125
58 0.5 0.803125 0.065625 0.0265625
36 0.3125 0.4640625 0.028125 0.0578125
58 0.234375 0.35625 0.0484375 0.0234375
55 0.2953125 0.6390625 0.0265625 0.025
58 0.08125 0.521875 0.05625 0.021875
58 0.5015625 0.31875 0.05 0.021875
58 0.9203125 0.521875 0.0609375 0.0203125
58 0.778125 0.3578125 0.05625 0.021875
58 0.790625 0.7046875 0.059375 0.021875
58 0.2109375 0.7046875 0.0515625 0.021875
37 0.5640625 0.4640625 0.025 0.05625
29 0.3953125 0.4640625 0.025 0.0578125
8 0.084375 0.43125 0.028125 0.053125
48 0.0390625 0.4328125 0.028125 0.053125
24 0.2390625 0.265625 0.0265625 0.05625
44 0.0390625 0.4328125 0.028125 0.0515625
27 0.4796875 0.4640625 0.0265625 0.0578125