20 0.4796875 0.4625 0.028125 0.0578125
4 0.5640625 0.4640625 0.0265625 0.059375
54 0.8875 0.45 0.0640625 0.0734375
54 0.94375 0.446875 0.078125 0.0734375
34 0.3953125 0.4625 0.0265625 0.0546875
55 0.159375 0.5375 0.028125 0.0265625
58 0.5 0.8015625 0.053125 0.028125
58 0.9203125 0.521875 0.05 0.021875
58 0.08125 0.521875 0.046875 0.021875
56 0.796875 0.8046875 0.3875 0.0734375
53 0.5 0.5640625 0.03125 0.0203125
14 0.5046875 0.7 0.028125 0.059375
30 0.453125 0.703125 0.028125 0.059375
30 0.309375 0.4625 0.0265625 0.0546875
26 0.453125 0.703125 0.028125 0.0578125
57 0.5 0.415625 0.1125 0.01875