16 0.690625 0.4890625 0.0375 0.0625
36 0.52421875 0.46796875 0.0359375 0.059375
35 0.6078125 0.47890625 0.0359375 0.0578125
43 0.4390625 0.459375 0.034375 0.059375
3 0.35546875 0.44921875 0.034375 0.059375
54 0.19609375 0.28359375 0.0734375 0.08125
54 0.140625 0.275 0.0859375 0.0875
54 0.1296875 0.56640625 0.075 0.0796875
54 0.07421875 0.559375 0.084375 0.084375
53 0.4921875 0.56640625 0.053125 0.0234375
55 0.23828125 0.3609375 0.034375 0.0328125
58 0.521875 0.3234375 0.065625 0.0296875
58 0.15546875 0.34765625 0.0609375 0.028125
58 0.08828125 0.63203125 0.065625 0.0328125
58 0.4609375 0.80390625 0.071875 0.0359375
52 0.8625 0.72578125 0.053125 0.0265625
57 0.51015625 0.41796875 0.134375 0.034375