12 0.51328125 0.46171875 0.0359375 0.0625
26 0.89921875 0.3640625 0.034375 0.059375
47 0.94609375 0.3609375 0.0359375 0.059375
57 0.48515625 0.4140625 0.1375 0.0375
53 0.60546875 0.575 0.0453125 0.0265625
55 0.83671875 0.4890625 0.0296875 0.0296875
52 0.5453125 0.7984375 0.05625 0.0328125
52 0.91640625 0.4546875 0.0484375 0.025
18 0.06875 0.4953125 0.0359375 0.0578125
58 0.0875 0.590625 0.059375 0.0296875
53 0.51015625 0.56328125 0.0453125 0.0265625
27 0.43125 0.47421875 0.0359375 0.0609375
49 0.34609375 0.48828125 0.0359375 0.0625
35 0.59765625 0.4484375 0.0390625 0.0609375
17 0.11640625 0.49296875 0.0375 0.059375
11 0.59765625 0.45 0.040625 0.0625
46 0.578125 0.69453125 0.0390625 0.0625
55 0.63671875 0.54453125 0.025 0.0234375
35 0.59765625 0.4484375 0.0375 0.0609375
55 0.61328125 0.5484375 0.025 0.028125
10 0.52734375 0.7015625 0.0359375 0.0625
7 0.6828125 0.4359375 0.0328125 0.059375