12 0.08125 0.3984375 0.0328125 0.059375
57 0.5046875 0.4125 0.1265625 0.028125
52 0.5109375 0.3171875 0.05 0.0234375
32 0.60703125 0.47109375 0.034375 0.059375
58 0.47890625 0.80078125 0.0578125 0.0296875
55 0.16328125 0.5171875 0.0296875 0.028125
53 0.4953125 0.5640625 0.04375 0.0234375
8 0.69140625 0.47734375 0.03125 0.059375
51 0.4390625 0.4578125 0.0328125 0.059375
35 0.5609375 0.23046875 0.03125 0.05625
31 0.52265625 0.465625 0.03125 0.0609375
58 0.91796875 0.55078125 0.0515625 0.025
58 0.07578125 0.4921875 0.0578125 0.025
27 0.12734375 0.4046875 0.034375 0.0578125
27 0.12734375 0.4046875 0.034375 0.0578125
14 0.51484375 0.2234375 0.0296875 0.0578125