39 0.528125 0.69609375 0.0390625 0.0640625
57 0.48359375 0.4140625 0.1234375 0.0375
52 0.5453125 0.7984375 0.0578125 0.034375
52 0.46953125 0.31953125 0.0515625 0.0296875
32 0.578125 0.69296875 0.040625 0.0640625
12 0.4296875 0.475 0.0390625 0.0640625
9 0.45390625 0.22734375 0.034375 0.059375
49 0.5140625 0.4609375 0.0359375 0.0625
55 0.51953125 0.3453125 0.03125 0.03125
53 0.51015625 0.56328125 0.0453125 0.0265625
17 0.6828125 0.434375 0.0359375 0.0625
44 0.59765625 0.4484375 0.0375 0.0609375
58 0.91875 0.45703125 0.053125 0.03125
58 0.08515625 0.5890625 0.059375 0.028125
41 0.49921875 0.2234375 0.034375 0.0578125
7 0.06875 0.49375 0.0375 0.0609375
17 0.68125 0.43515625 0.0359375 0.0609375
23 0.11640625 0.49296875 0.0328125 0.053125