57 0.4890625 0.41328125 0.1171875 0.03125
54 0.18203125 0.31484375 0.0859375 0.0859375
54 0.15546875 0.64296875 0.071875 0.0796875
54 0.09921875 0.64921875 0.0859375 0.0859375
54 0.23671875 0.309375 0.075 0.0796875
49 0.56953125 0.7 0.0359375 0.0625
58 0.90546875 0.63515625 0.0359375 0.025
51 0.684375 0.44296875 0.0359375 0.0609375
58 0.128125 0.71640625 0.034375 0.025
10 0.51640625 0.4609375 0.034375 0.0609375
55 0.76953125 0.59921875 0.03125 0.0296875
58 0.5296875 0.8 0.0546875 0.0296875
33 0.4328125 0.47109375 0.0328125 0.0625
58 0.75703125 0.328125 0.0375 0.025
29 0.51640625 0.69921875 0.0328125 0.065625
58 0.2125 0.384375 0.0375 0.025
53 0.50703125 0.565625 0.0359375 0.0234375
21 0.6015625 0.453125 0.0328125 0.059375