55 0.5359375 0.34765625 0.028125 0.025
52 0.0796875 0.5421875 0.046875 0.021875
58 0.91796875 0.5 0.034375 0.0234375
58 0.5140625 0.8015625 0.0375 0.0234375
53 0.503125 0.5640625 0.0328125 0.0203125
58 0.4890625 0.315625 0.0375 0.0234375
28 0.071875 0.45078125 0.0296875 0.05625
57 0.4953125 0.4109375 0.1125 0.0234375
27 0.51875 0.46328125 0.0296875 0.059375
49 0.11875 0.45234375 0.028125 0.0546875
4 0.603125 0.46015625 0.0296875 0.059375
8 0.68671875 0.45390625 0.0296875 0.0578125
22 0.9125 0.40625 0.03125 0.05625
20 0.434375 0.4671875 0.0296875 0.0578125
46 0.96015625 0.40859375 0.0296875 0.0546875
46 0.96015625 0.40703125 0.0296875 0.0546875
29 0.35 0.471875 0.025 0.05625