0 0.565625 0.46875 0.03125 0.059375
57 0.5078125 0.4125 0.1265625 0.025
53 0.496875 0.5640625 0.0421875 0.0203125
55 0.428125 0.63984375 0.028125 0.028125
9 0.31328125 0.45390625 0.0265625 0.0578125
12 0.48125 0.46328125 0.03125 0.0609375
58 0.484375 0.80078125 0.05625 0.0296875
52 0.5109375 0.315625 0.0484375 0.025
52 0.9203125 0.54375 0.046875 0.0203125
3 0.39765625 0.45859375 0.03125 0.0609375
58 0.08046875 0.5 0.046875 0.0234375
8 0.0875 0.40625 0.03125 0.059375
14 0.65 0.471875 0.0296875 0.05625
12 0.9265625 0.45 0.0296875 0.059375
25 0.88125 0.45234375 0.0296875 0.05625
4 0.9265625 0.45 0.0328125 0.059375
8 0.0875 0.40625 0.03125 0.059375
28 0.04296875 0.40859375 0.03125 0.05625
5 0.88125 0.45078125 0.0296875 0.05625