11 0.478125 0.46484375 0.0296875 0.0609375
51 0.4609375 0.715625 0.0328125 0.0578125
57 0.4984375 0.4125 0.1171875 0.0234375
12 0.31015625 0.4703125 0.0296875 0.059375
47 0.5625 0.46171875 0.0296875 0.059375
1 0.39375 0.46796875 0.0265625 0.0578125
58 0.1171875 0.68984375 0.0328125 0.021875
55 0.440625 0.64609375 0.028125 0.0265625
52 0.896875 0.6625 0.0453125 0.0234375
58 0.76796875 0.346875 0.05 0.0234375
58 0.2234375 0.365625 0.046875 0.0234375
29 0.646875 0.45859375 0.0265625 0.059375
58 0.51171875 0.8015625 0.053125 0.0265625
35 0.8515625 0.5734375 0.03125 0.0515625
53 0.50234375 0.5640625 0.03125 0.0203125
23 0.5125 0.7140625 0.03125 0.0625
7 0.76796875 0.2515625 0.028125 0.05625
13 0.89609375 0.5671875 0.0234375 0.0484375
35 0.84921875 0.571875 0.03125 0.0515625
27 0.72265625 0.2578125 0.03125 0.059375