54 0.134375 0.609375 0.078125 0.078125
54 0.078125 0.609375 0.065625 0.075
58 0.5 0.803125 0.0578125 0.028125
58 0.5 0.31875 0.053125 0.021875
58 0.109375 0.6796875 0.05 0.021875
53 0.5015625 0.5640625 0.0453125 0.0234375
58 0.140625 0.390625 0.0515625 0.021875
55 0.7765625 0.625 0.03125 0.028125
58 0.890625 0.6796875 0.053125 0.021875
57 0.5015625 0.415625 0.1265625 0.01875
58 0.859375 0.3890625 0.0515625 0.021875
56 0.7984375 0.8109375 0.3828125 0.0796875
54 0.1109375 0.31875 0.0703125 0.078125
54 0.1640625 0.3203125 0.0796875 0.0828125
23 0.4796875 0.4640625 0.028125 0.05625
10 0.309375 0.465625 0.0265625 0.0546875
9 0.3953125 0.4671875 0.025 0.053125
48 0.453125 0.7078125 0.03125 0.0578125
16 0.5046875 0.703125 0.028125 0.059375