19 0.55234375 0.703125 0.0328125 0.0625
57 0.496875 0.4140625 0.1328125 0.021875
55 0.56875 0.64296875 0.028125 0.028125
52 0.4921875 0.3171875 0.046875 0.0234375
52 0.5109375 0.803125 0.0515625 0.025
18 0.50234375 0.7 0.0296875 0.0609375
29 0.603125 0.46171875 0.0265625 0.059375
58 0.07890625 0.53828125 0.059375 0.0234375
51 0.434375 0.46640625 0.0296875 0.0609375
58 0.92109375 0.50859375 0.0515625 0.025
21 0.4875 0.2234375 0.028125 0.05625
4 0.5171875 0.46328125 0.028125 0.0609375
53 0.5953125 0.5875 0.05 0.0203125
53 0.50234375 0.565625 0.040625 0.021875
5 0.6890625 0.4578125 0.028125 0.059375
35 0.11953125 0.44609375 0.0328125 0.05625
14 0.07109375 0.44609375 0.0265625 0.053125
27 0.5328125 0.2296875 0.0265625 0.053125