54 0.121875 0.5640625 0.0875 0.0875
54 0.06796875 0.55859375 0.075 0.0859375
55 0.4203125 0.63671875 0.0296875 0.0296875
58 0.090625 0.63046875 0.0515625 0.028125
58 0.46484375 0.80078125 0.059375 0.0328125
57 0.51171875 0.41484375 0.1265625 0.034375
58 0.15625 0.34765625 0.053125 0.028125
53 0.4921875 0.56328125 0.0453125 0.0265625
58 0.5234375 0.3203125 0.028125 0.0234375
58 0.865625 0.72421875 0.028125 0.025
58 0.8703125 0.43359375 0.053125 0.028125
54 0.18828125 0.27890625 0.090625 0.0875
54 0.1359375 0.27265625 0.0796875 0.0859375
27 0.31484375 0.44453125 0.0296875 0.0578125
11 0.4 0.453125 0.03125 0.059375
18 0.48359375 0.46484375 0.03125 0.0578125
0 0.56875 0.47578125 0.0296875 0.05625
45 0.653125 0.484375 0.028125 0.053125
51 0.42734375 0.71015625 0.0375 0.0546875
16 0.478125 0.71640625 0.034375 0.059375