54 0.85703125 0.63125 0.0828125 0.0828125
54 0.91328125 0.63828125 0.0703125 0.08125
58 0.87734375 0.7078125 0.0515625 0.025
55 0.55234375 0.35625 0.028125 0.0265625
54 0.134375 0.58125 0.06875 0.078125
54 0.0796875 0.57890625 0.084375 0.084375
58 0.48046875 0.80234375 0.05625 0.0296875
54 0.84765625 0.34140625 0.0828125 0.0828125
58 0.14765625 0.365625 0.0515625 0.025
58 0.09765625 0.65390625 0.0515625 0.0234375
54 0.90234375 0.34453125 0.0734375 0.0828125
57 0.5046875 0.415625 0.128125 0.028125
11 0.52265625 0.465625 0.03125 0.0609375
58 0.86484375 0.415625 0.0515625 0.025
58 0.5125 0.32265625 0.0546875 0.025
44 0.43828125 0.4609375 0.03125 0.059375
33 0.60703125 0.47265625 0.0296875 0.059375
40 0.53125 0.70703125 0.0328125 0.0625
9 0.6921875 0.47890625 0.0265625 0.0609375
30 0.48125 0.70078125 0.0328125 0.0609375
18 0.48125 0.69921875 0.0328125 0.0609375
15 0.3546875 0.45546875 0.0328125 0.0609375
53 0.49375 0.5671875 0.0421875 0.025