30 0.47421875 0.46796875 0.0359375 0.0609375
57 0.4859375 0.41328125 0.128125 0.040625
21 0.3078125 0.49375 0.03125 0.0578125
55 0.7546875 0.34921875 0.0296875 0.0296875
19 0.390625 0.48125 0.0359375 0.0609375
20 0.5578125 0.45625 0.0359375 0.0609375
58 0.91484375 0.61328125 0.053125 0.0296875
53 0.51015625 0.56328125 0.046875 0.028125
58 0.47109375 0.31953125 0.0578125 0.03125
58 0.12890625 0.44609375 0.053125 0.0296875
58 0.14375 0.73671875 0.053125 0.0296875
58 0.546875 0.79765625 0.0578125 0.0359375
58 0.8375 0.3328125 0.053125 0.0296875
34 0.4859375 0.709375 0.0390625 0.0625
39 0.53671875 0.7 0.0390625 0.0640625