31 0.11875 0.45078125 0.0328125 0.0578125
22 0.60234375 0.45859375 0.0296875 0.0578125
57 0.49375 0.4125 0.13125 0.0234375
19 0.796875 0.2515625 0.03125 0.05625
51 0.68671875 0.45234375 0.0328125 0.059375
52 0.0796875 0.54375 0.05 0.0234375
58 0.515625 0.80234375 0.0671875 0.0296875
58 0.7578125 0.34375 0.05 0.025
55 0.21171875 0.41015625 0.0265625 0.0265625
58 0.91953125 0.5 0.059375 0.025
58 0.79921875 0.690625 0.0515625 0.025
58 0.490625 0.31875 0.05 0.028125
58 0.221875 0.71953125 0.059375 0.025
58 0.21328125 0.37109375 0.05625 0.025
18 0.7484375 0.25078125 0.0296875 0.0515625
53 0.503125 0.565625 0.0515625 0.0234375
49 0.0734375 0.453125 0.028125 0.0546875
1 0.51875 0.46328125 0.028125 0.0609375
29 0.0734375 0.453125 0.028125 0.0546875