54 0.48125 0.2453125 0.0828125 0.08125
58 0.49453125 0.8015625 0.059375 0.028125
58 0.14296875 0.38125 0.0515625 0.0234375
57 0.5 0.4125 0.1265625 0.0234375
58 0.5015625 0.315625 0.0515625 0.0234375
54 0.534375 0.24609375 0.0703125 0.0765625
54 0.1734375 0.31015625 0.0734375 0.078125
58 0.10625 0.66953125 0.0515625 0.0234375
55 0.56171875 0.64296875 0.0296875 0.028125
54 0.1203125 0.31015625 0.0828125 0.08125
58 0.8859375 0.68203125 0.0234375 0.021875
53 0.49765625 0.5609375 0.04375 0.021875
36 0.52109375 0.4625 0.028125 0.0578125
34 0.43671875 0.46171875 0.028125 0.0546875
33 0.60546875 0.4640625 0.028125 0.0578125
19 0.69140625 0.4671875 0.0265625 0.053125