6 0.6875 0.4640625 0.03125 0.0546875
42 0.546875 0.703125 0.03125 0.05625
10 0.4953125 0.7 0.0296875 0.059375
7 0.6046875 0.465625 0.0265625 0.0578125
1 0.5203125 0.465625 0.025 0.0578125
54 0.95 0.453125 0.0703125 0.075
54 0.8953125 0.453125 0.084375 0.0765625
54 0.434375 0.2484375 0.0671875 0.0765625
54 0.378125 0.2515625 0.0765625 0.084375
54 0.221875 0.2921875 0.0671875 0.075
54 0.16875 0.290625 0.078125 0.078125
54 0.109375 0.4546875 0.0703125 0.0765625
54 0.05625 0.453125 0.08125 0.0765625
57 0.4984375 0.4140625 0.125 0.01875
55 0.371875 0.3515625 0.0296875 0.0265625
58 0.4015625 0.31875 0.05 0.021875
58 0.1921875 0.3609375 0.053125 0.025
58 0.0796875 0.5234375 0.0515625 0.021875
58 0.2109375 0.70625 0.0515625 0.025
58 0.5 0.80625 0.0609375 0.0265625
58 0.7890625 0.7078125 0.053125 0.0234375
58 0.9203125 0.525 0.0515625 0.025
58 0.8046875 0.3625 0.0578125 0.021875
58 0.5953125 0.31875 0.059375 0.025
53 0.4984375 0.565625 0.0453125 0.021875