34 0.878125 0.4328125 0.028125 0.053125
57 0.5015625 0.4140625 0.125 0.01875
32 0.3953125 0.465625 0.0296875 0.0578125
35 0.6484375 0.465625 0.0265625 0.0546875
58 0.5 0.8046875 0.05625 0.025
55 0.4359375 0.6453125 0.028125 0.0265625
52 0.5015625 0.31875 0.0484375 0.021875
53 0.5015625 0.565625 0.040625 0.01875
58 0.0796875 0.525 0.05 0.0234375
52 0.921875 0.5234375 0.046875 0.01875
4 0.4796875 0.465625 0.0265625 0.059375
35 0.6484375 0.465625 0.028125 0.05625
51 0.5640625 0.465625 0.0265625 0.0578125
0 0.925 0.43125 0.028125 0.05625
46 0.0375 0.4328125 0.028125 0.0546875
14 0.3109375 0.4640625 0.0265625 0.05625
36 0.0828125 0.43125 0.0296875 0.05625