42 0.52265625 0.22421875 0.03125 0.05625
53 0.5046875 0.5640625 0.04375 0.0203125
55 0.16953125 0.565625 0.0296875 0.028125
36 0.684375 0.45078125 0.03125 0.0578125
57 0.490625 0.41484375 0.128125 0.0265625
52 0.4875 0.31796875 0.05 0.025
35 0.95703125 0.40234375 0.0328125 0.0578125
58 0.92109375 0.490625 0.053125 0.025
58 0.52109375 0.80078125 0.028125 0.028125
47 0.47734375 0.22421875 0.03125 0.05625
58 0.08203125 0.55078125 0.0234375 0.0234375
23 0.43515625 0.4734375 0.03125 0.05625
27 0.51796875 0.4625 0.03125 0.0609375
21 0.60234375 0.45859375 0.03125 0.059375
15 0.9109375 0.39765625 0.0328125 0.0578125