55 0.7890625 0.43515625 0.0296875 0.0296875
52 0.0859375 0.61640625 0.0453125 0.0234375
54 0.9078125 0.38125 0.0921875 0.0921875
54 0.85390625 0.37265625 0.08125 0.084375
58 0.8734375 0.4484375 0.0625 0.034375
53 0.49140625 0.56484375 0.0421875 0.0234375
58 0.8578125 0.73828125 0.0625 0.0296875
54 0.83671875 0.6625 0.071875 0.078125
58 0.45390625 0.8015625 0.06875 0.0359375
54 0.8921875 0.67109375 0.0921875 0.0875
57 0.51484375 0.415625 0.128125 0.0375
58 0.528125 0.32109375 0.0640625 0.03125
16 0.31875 0.43671875 0.0359375 0.0578125
35 0.4 0.45078125 0.0359375 0.059375
36 0.48515625 0.4640625 0.034375 0.0609375
53 0.75234375 0.63515625 0.0421875 0.0234375