12 0.91484375 0.384375 0.034375 0.0609375
57 0.4921875 0.4125 0.1359375 0.03125
52 0.53359375 0.8015625 0.05625 0.03125
24 0.07890625 0.471875 0.034375 0.059375
52 0.48203125 0.31640625 0.0484375 0.0265625
55 0.83671875 0.50703125 0.03125 0.0296875
53 0.41796875 0.6 0.0453125 0.0234375
30 0.3921875 0.475 0.034375 0.0609375
52 0.921875 0.47734375 0.046875 0.021875
4 0.52578125 0.7 0.0375 0.0671875
51 0.86875 0.39375 0.0375 0.059375
53 0.50390625 0.565625 0.046875 0.025
26 0.47578125 0.46484375 0.034375 0.0609375
21 0.3078125 0.4828125 0.0328125 0.059375
58 0.084375 0.565625 0.05 0.0265625
55 0.378125 0.57890625 0.0265625 0.0265625
30 0.3921875 0.475 0.0359375 0.0609375
6 0.47578125 0.46640625 0.034375 0.0609375
5 0.475 0.70859375 0.0359375 0.0625
37 0.0328125 0.48125 0.0328125 0.0578125