9 0.396875 0.45625 0.028125 0.059375
57 0.5109375 0.41171875 0.128125 0.0328125
54 0.5890625 0.25390625 0.071875 0.0796875
54 0.8015625 0.6578125 0.0828125 0.084375
54 0.1109375 0.415625 0.084375 0.0828125
54 0.16796875 0.60078125 0.06875 0.071875
54 0.05625 0.4109375 0.071875 0.078125
54 0.64375 0.25703125 0.0828125 0.084375
54 0.39453125 0.23515625 0.0703125 0.078125
54 0.44921875 0.23984375 0.084375 0.0828125
49 0.31484375 0.44609375 0.03125 0.05625
54 0.7453125 0.653125 0.06875 0.0765625
54 0.22265625 0.60625 0.0828125 0.078125
34 0.4828125 0.4609375 0.03125 0.0578125
54 0.79375 0.3140625 0.071875 0.078125
54 0.8484375 0.31875 0.0859375 0.084375
58 0.47421875 0.79921875 0.059375 0.03125
58 0.08125 0.48359375 0.05 0.0265625
53 0.49453125 0.5640625 0.0453125 0.025
58 0.8171875 0.38828125 0.05 0.0296875
58 0.6140625 0.3265625 0.053125 0.0265625
58 0.771875 0.73046875 0.0515625 0.0265625
58 0.41953125 0.3078125 0.053125 0.0265625
55 0.4234375 0.6359375 0.028125 0.028125
58 0.19453125 0.67890625 0.0515625 0.0265625
58 0.20546875 0.334375 0.0515625 0.0265625
58 0.91875 0.55859375 0.025 0.0234375