22 0.60859375 0.47734375 0.0328125 0.0609375
57 0.50859375 0.41484375 0.1171875 0.03125
52 0.07890625 0.46875 0.0484375 0.028125
55 0.825 0.5828125 0.0328125 0.03125
52 0.46328125 0.79921875 0.05625 0.0328125
42 0.521875 0.70703125 0.0359375 0.0625
58 0.9125 0.57421875 0.0375 0.025
58 0.521875 0.3203125 0.0296875 0.025
53 0.4921875 0.56328125 0.0359375 0.025
24 0.52421875 0.4671875 0.034375 0.0625
18 0.08671875 0.3765625 0.0328125 0.0578125
45 0.1328125 0.3859375 0.0328125 0.0578125
8 0.35546875 0.44609375 0.0328125 0.0609375
14 0.440625 0.45625 0.0328125 0.059375
1 0.69375 0.4875 0.034375 0.0625
17 0.47109375 0.69921875 0.0359375 0.0640625