22 0.59921875 0.4515625 0.0328125 0.059375
42 0.57109375 0.69609375 0.0359375 0.0625
57 0.48828125 0.41484375 0.1171875 0.03125
52 0.08359375 0.571875 0.046875 0.025
18 0.06953125 0.47890625 0.0328125 0.0578125
55 0.83515625 0.5015625 0.0328125 0.03125
52 0.53671875 0.79921875 0.05625 0.0328125
58 0.478125 0.3203125 0.0296875 0.025
58 0.91875 0.471875 0.0375 0.025
24 0.515625 0.46171875 0.034375 0.0625
53 0.5078125 0.56484375 0.034375 0.0234375
29 0.51953125 0.70078125 0.034375 0.0640625
17 0.51953125 0.70078125 0.034375 0.0640625
1 0.68359375 0.44453125 0.034375 0.0625
45 0.1171875 0.4828125 0.034375 0.05625