27 0.4328125 0.46796875 0.0328125 0.0578125
57 0.490625 0.41328125 0.1359375 0.0296875
58 0.5265625 0.80234375 0.0671875 0.034375
58 0.75234375 0.33359375 0.0609375 0.028125
34 0.60078125 0.4546875 0.03125 0.0578125
52 0.80546875 0.67734375 0.0484375 0.025
58 0.0828125 0.55859375 0.0640625 0.0265625
58 0.91953125 0.48671875 0.0578125 0.0296875
1 0.68515625 0.44765625 0.0296875 0.0609375
58 0.21015625 0.3828125 0.0484375 0.0265625
58 0.4828125 0.31953125 0.0515625 0.028125
58 0.2296875 0.72890625 0.0609375 0.0265625
36 0.515625 0.4625 0.0328125 0.059375
55 0.77265625 0.37109375 0.0296875 0.028125
38 0.78671875 0.24140625 0.0296875 0.0578125
44 0.79453125 0.5875 0.0328125 0.05625
53 0.50546875 0.5640625 0.0515625 0.025
45 0.84140625 0.5859375 0.0328125 0.05625
55 0.17734375 0.68828125 0.03125 0.0234375
26 0.74140625 0.24375 0.0328125 0.0546875