11 0.51796875 0.4625 0.0328125 0.0609375
51 0.56171875 0.71015625 0.034375 0.0578125
57 0.4921875 0.4125 0.11875 0.0265625
12 0.6859375 0.45078125 0.0328125 0.059375
47 0.43359375 0.46875 0.0328125 0.059375
1 0.6015625 0.45703125 0.028125 0.0578125
58 0.90078125 0.64921875 0.034375 0.021875
55 0.57421875 0.6390625 0.028125 0.0265625
52 0.12265625 0.703125 0.046875 0.025
58 0.2171875 0.37578125 0.0515625 0.025
58 0.7609375 0.3375 0.0484375 0.025
29 0.34921875 0.47421875 0.0296875 0.059375
58 0.51953125 0.80078125 0.053125 0.028125
35 0.15859375 0.61015625 0.0328125 0.0515625
53 0.5046875 0.5640625 0.0328125 0.0203125
23 0.51015625 0.7140625 0.034375 0.0625
7 0.2078125 0.28046875 0.0296875 0.05625
13 0.1125 0.60859375 0.025 0.05
35 0.16015625 0.60859375 0.0328125 0.0515625
27 0.253125 0.28203125 0.034375 0.059375