2 0.35546875 0.44609375 0.034375 0.059375
54 0.82109375 0.321875 0.0734375 0.08125
54 0.95390625 0.50703125 0.0765625 0.084375
36 0.690625 0.4875 0.034375 0.0625
57 0.509375 0.41328125 0.128125 0.0328125
54 0.8984375 0.5 0.0890625 0.0890625
54 0.76640625 0.3171875 0.0875 0.0890625
58 0.46328125 0.80078125 0.06875 0.034375
58 0.7796875 0.38984375 0.059375 0.0296875
55 0.6859375 0.66328125 0.0296875 0.028125
29 0.60859375 0.47734375 0.03125 0.0609375
58 0.5203125 0.31953125 0.0515625 0.028125
58 0.08046875 0.4703125 0.0625 0.028125
58 0.24140625 0.325 0.0578125 0.028125
58 0.18671875 0.66796875 0.0609375 0.0296875
58 0.91328125 0.57265625 0.0609375 0.0296875
58 0.76171875 0.73828125 0.053125 0.028125
37 0.440625 0.45625 0.03125 0.0609375
27 0.52421875 0.4671875 0.0328125 0.059375
53 0.4921875 0.56484375 0.046875 0.0296875