39 0.5625 0.46171875 0.028125 0.0578125
57 0.496875 0.4140625 0.128125 0.0234375
0 0.31015625 0.471875 0.0296875 0.059375
52 0.4953125 0.3171875 0.046875 0.0234375
38 0.646875 0.45859375 0.0265625 0.0578125
58 0.5109375 0.803125 0.05625 0.028125
58 0.21953125 0.71328125 0.0359375 0.0234375
35 0.4484375 0.2296875 0.0296875 0.05625
58 0.92265625 0.50703125 0.046875 0.021875
4 0.08046875 0.44453125 0.03125 0.0578125
58 0.77421875 0.346875 0.0453125 0.0234375
58 0.08203125 0.53671875 0.0484375 0.0234375
2 0.39375 0.46796875 0.028125 0.05625
36 0.4953125 0.2234375 0.028125 0.05625
16 0.478125 0.46640625 0.028125 0.059375
53 0.50234375 0.565625 0.0421875 0.021875
16 0.478125 0.46640625 0.028125 0.059375
7 0.03515625 0.44921875 0.028125 0.05625
58 0.23125 0.36875 0.034375 0.0234375