57 0.4921875 0.4125 0.1328125 0.0328125
58 0.53203125 0.8015625 0.06875 0.034375
58 0.22109375 0.38515625 0.0609375 0.0296875
34 0.3921875 0.475 0.0328125 0.059375
58 0.9203125 0.478125 0.0640625 0.0265625
1 0.30703125 0.484375 0.03125 0.0609375
52 0.23359375 0.73359375 0.0484375 0.025
58 0.76171875 0.3296875 0.0484375 0.0265625
58 0.0859375 0.5671875 0.0609375 0.03125
58 0.80859375 0.671875 0.0609375 0.028125
58 0.48125 0.31953125 0.05 0.028125
45 0.18125 0.65 0.0328125 0.0578125
38 0.16953125 0.29921875 0.03125 0.05625
55 0.2078125 0.42578125 0.03125 0.028125
48 0.22734375 0.64140625 0.034375 0.0578125
53 0.50703125 0.5640625 0.0515625 0.025
36 0.47578125 0.46640625 0.0328125 0.0609375
55 0.85234375 0.6234375 0.03125 0.0234375
44 0.22734375 0.64140625 0.0328125 0.0609375
26 0.2140625 0.29453125 0.0296875 0.0546875