9 0.60859375 0.4734375 0.028125 0.059375
57 0.503125 0.4109375 0.128125 0.03125
54 0.45078125 0.24296875 0.0703125 0.0796875
54 0.17734375 0.609375 0.08125 0.0828125
54 0.89765625 0.47734375 0.0828125 0.08125
54 0.81171875 0.6515625 0.0671875 0.071875
54 0.95234375 0.48125 0.0703125 0.078125
54 0.39609375 0.2375 0.08125 0.0828125
54 0.6453125 0.2546875 0.06875 0.078125
54 0.59140625 0.25078125 0.0828125 0.08125
49 0.69140625 0.47578125 0.0296875 0.05625
54 0.23359375 0.61328125 0.0671875 0.0765625
54 0.7578125 0.64765625 0.08125 0.0765625
34 0.52265625 0.4640625 0.0296875 0.0578125
54 0.2390625 0.2703125 0.0703125 0.078125
54 0.184375 0.26640625 0.084375 0.0828125
58 0.47890625 0.79921875 0.059375 0.03125
58 0.91640625 0.54921875 0.05 0.025
53 0.4953125 0.5640625 0.0453125 0.025
58 0.20390625 0.33984375 0.05 0.028125
58 0.41484375 0.3109375 0.053125 0.025
58 0.1953125 0.68515625 0.0515625 0.025
58 0.609375 0.32265625 0.053125 0.025
55 0.55390625 0.64609375 0.028125 0.028125
58 0.77421875 0.72421875 0.0515625 0.025
58 0.81640625 0.3828125 0.0515625 0.025
58 0.07734375 0.4921875 0.025 0.0234375