52 0.4828125 0.31796875 0.0515625 0.0265625
55 0.5765625 0.6390625 0.03125 0.03125
58 0.08359375 0.56171875 0.05 0.0265625
58 0.5265625 0.80390625 0.028125 0.0265625
58 0.92109375 0.48671875 0.053125 0.0265625
57 0.4890625 0.41484375 0.13125 0.0296875
53 0.5046875 0.5671875 0.046875 0.0234375
22 0.4328125 0.46953125 0.03125 0.0578125
10 0.5171875 0.4625 0.03125 0.05625
18 0.60078125 0.4546875 0.03125 0.059375
3 0.51796875 0.22578125 0.0328125 0.05625
47 0.0703125 0.465625 0.03125 0.05625
41 0.1171875 0.46484375 0.0296875 0.05625
2 0.471875 0.228125 0.0296875 0.0546875
29 0.68671875 0.44921875 0.03125 0.0609375