3 0.6921875 0.49765625 0.0359375 0.059375
54 0.91484375 0.3875 0.0828125 0.0875
54 0.8625 0.378125 0.090625 0.090625
8 0.44296875 0.453125 0.0359375 0.0609375
57 0.51484375 0.415625 0.1296875 0.040625
14 0.609375 0.4828125 0.0359375 0.059375
15 0.5265625 0.46796875 0.0359375 0.0609375
58 0.44609375 0.7984375 0.0578125 0.0359375
58 0.8734375 0.453125 0.053125 0.034375
53 0.4890625 0.56328125 0.046875 0.028125
58 0.53046875 0.31796875 0.0296875 0.0265625
58 0.084375 0.60625 0.0546875 0.03125
58 0.165625 0.325 0.053125 0.0296875
58 0.85234375 0.74296875 0.053125 0.0296875
55 0.75078125 0.67109375 0.03125 0.03125
30 0.4609375 0.69609375 0.0375 0.065625
5 0.5109375 0.7078125 0.0359375 0.0625
6 0.4609375 0.69609375 0.0375 0.0640625