54 0.171875 0.59375 0.0890625 0.0859375
57 0.509375 0.41328125 0.1171875 0.034375
54 0.953125 0.50546875 0.0765625 0.08125
54 0.2265625 0.6015625 0.071875 0.08125
54 0.065625 0.39765625 0.0890625 0.0875
54 0.82109375 0.3234375 0.075 0.0828125
54 0.9 0.4984375 0.0859375 0.0875
54 0.76640625 0.3171875 0.0890625 0.0890625
53 0.4921875 0.56328125 0.0328125 0.021875
54 0.11953125 0.40625 0.075 0.084375
53 0.7078125 0.4328125 0.0296875 0.0203125
58 0.07890625 0.4703125 0.059375 0.028125
55 0.54453125 0.65 0.0296875 0.0296875
58 0.46328125 0.80078125 0.065625 0.0359375
58 0.24140625 0.3234375 0.0484375 0.0265625
58 0.78125 0.38984375 0.0578125 0.028125
58 0.7625 0.73671875 0.0625 0.03125
53 0.81484375 0.53984375 0.0296875 0.0203125
58 0.91171875 0.57109375 0.0578125 0.028125
58 0.18828125 0.66640625 0.059375 0.0265625
58 0.52109375 0.31875 0.059375 0.028125
57 0.48125 0.65546875 0.05 0.025
57 0.48046875 0.65625 0.0515625 0.0265625
8 0.47109375 0.69921875 0.0359375 0.0625
26 0.521875 0.70703125 0.0328125 0.0609375
26 0.521875 0.70703125 0.034375 0.0625