54 0.13671875 0.615625 0.0796875 0.0796875
54 0.08046875 0.61640625 0.0671875 0.0765625
58 0.50546875 0.803125 0.0578125 0.0296875
58 0.496875 0.31875 0.053125 0.0234375
58 0.1125 0.68671875 0.05 0.0234375
53 0.50234375 0.5640625 0.0453125 0.025
58 0.1390625 0.396875 0.0515625 0.0234375
55 0.77890625 0.6203125 0.03125 0.028125
58 0.89375 0.67265625 0.053125 0.0234375
57 0.5 0.415625 0.1265625 0.0203125
58 0.85703125 0.3828125 0.0515625 0.0234375
56 0.80390625 0.80546875 0.384375 0.0859375
54 0.1078125 0.32578125 0.071875 0.0796875
54 0.1609375 0.3265625 0.08125 0.084375
23 0.47890625 0.4640625 0.0296875 0.05625
10 0.30859375 0.46875 0.028125 0.0546875
9 0.39453125 0.46875 0.0265625 0.053125
48 0.45703125 0.70859375 0.0328125 0.0578125
16 0.50859375 0.703125 0.0296875 0.059375