57 0.509375 0.41328125 0.128125 0.034375
58 0.1859375 0.67109375 0.053125 0.0296875
53 0.4921875 0.56484375 0.046875 0.0265625
52 0.209375 0.32734375 0.0484375 0.028125
58 0.42421875 0.309375 0.053125 0.028125
58 0.8203125 0.40234375 0.053125 0.03125
58 0.0765625 0.471875 0.0578125 0.0296875
55 0.8109375 0.4453125 0.0296875 0.0296875
58 0.9125 0.57578125 0.053125 0.028125
53 0.58046875 0.6015625 0.0453125 0.025
58 0.61796875 0.33203125 0.053125 0.028125
10 0.6921875 0.4875 0.0328125 0.0578125
58 0.76171875 0.74140625 0.0265625 0.025
52 0.46171875 0.79921875 0.0578125 0.0328125
16 0.52421875 0.4671875 0.0328125 0.059375
46 0.47109375 0.69921875 0.034375 0.0625
47 0.521875 0.70703125 0.0375 0.0625
47 0.521875 0.70859375 0.0359375 0.0625
15 0.60859375 0.47734375 0.0328125 0.059375
24 0.21953125 0.2328125 0.034375 0.0578125
25 0.265625 0.24296875 0.0296875 0.0546875
30 0.875 0.31796875 0.0296875 0.05625
28 0.82890625 0.30859375 0.034375 0.0578125