0 0.43359375 0.4703125 0.0328125 0.059375
57 0.490625 0.41328125 0.1265625 0.028125
53 0.5046875 0.5640625 0.0421875 0.021875
55 0.57421875 0.6390625 0.028125 0.028125
9 0.6859375 0.45078125 0.0265625 0.0578125
12 0.51796875 0.4625 0.0328125 0.0609375
58 0.52109375 0.80078125 0.05625 0.0296875
52 0.4859375 0.31640625 0.0484375 0.025
52 0.08046875 0.5515625 0.046875 0.0203125
3 0.6015625 0.45703125 0.0328125 0.0609375
58 0.91953125 0.49296875 0.046875 0.025
8 0.9109375 0.39921875 0.0328125 0.059375
14 0.34921875 0.47421875 0.0296875 0.05625
12 0.07265625 0.4578125 0.03125 0.059375
25 0.11796875 0.459375 0.0296875 0.05625
4 0.07265625 0.4578125 0.034375 0.059375
8 0.9109375 0.39921875 0.0328125 0.059375
28 0.95546875 0.40078125 0.03125 0.05625
5 0.11796875 0.4578125 0.0296875 0.05625