54 0.8484375 0.3203125 0.084375 0.084375
57 0.509375 0.41484375 0.128125 0.03125
58 0.4734375 0.80234375 0.059375 0.03125
54 0.7453125 0.65625 0.0703125 0.0796875
58 0.771875 0.72890625 0.053125 0.0265625
54 0.79375 0.315625 0.075 0.0828125
58 0.41953125 0.3109375 0.053125 0.0265625
58 0.0796875 0.48515625 0.053125 0.0265625
58 0.81875 0.38828125 0.0546875 0.0296875
58 0.9171875 0.55703125 0.0546875 0.028125
58 0.20546875 0.334375 0.053125 0.0296875
58 0.6140625 0.3265625 0.053125 0.0265625
58 0.19453125 0.67734375 0.025 0.025
54 0.80078125 0.6609375 0.0875 0.0859375
55 0.8359375 0.5671875 0.0328125 0.03125
53 0.49609375 0.565625 0.046875 0.0234375
30 0.4828125 0.4640625 0.0296875 0.05625
15 0.396875 0.45625 0.03125 0.05625
19 0.31484375 0.45078125 0.0328125 0.059375