55 0.21484375 0.41875 0.03125 0.03125
58 0.53046875 0.8015625 0.059375 0.0328125
54 0.9328125 0.56484375 0.071875 0.0796875
58 0.90546875 0.63828125 0.0515625 0.025
54 0.875 0.5671875 0.0859375 0.0828125
53 0.50703125 0.565625 0.0453125 0.0265625
58 0.4796875 0.31953125 0.028125 0.025
57 0.48984375 0.41484375 0.125 0.0328125
58 0.84609375 0.35390625 0.053125 0.028125
58 0.13046875 0.71953125 0.0515625 0.0265625
58 0.13125 0.42734375 0.0515625 0.0265625
54 0.86796875 0.27890625 0.078125 0.084375
54 0.81484375 0.284375 0.0875 0.0890625
40 0.684375 0.44609375 0.03125 0.0640625
43 0.60078125 0.4578125 0.03125 0.0609375
33 0.51640625 0.465625 0.0328125 0.059375
22 0.56796875 0.7 0.034375 0.0625
4 0.51640625 0.70234375 0.0375 0.0640625