34 0.3109375 0.4625 0.0265625 0.05625
12 0.925 0.428125 0.028125 0.0578125
48 0.4796875 0.4640625 0.028125 0.059375
57 0.5015625 0.4125 0.121875 0.015625
52 0.5015625 0.8015625 0.053125 0.0265625
0 0.0828125 0.4296875 0.0265625 0.0578125
52 0.08125 0.5203125 0.0453125 0.0203125
52 0.5015625 0.3171875 0.0484375 0.0203125
55 0.165625 0.540625 0.03125 0.028125
30 0.503125 0.7 0.0296875 0.059375
53 0.40625 0.5890625 0.0453125 0.0203125
20 0.878125 0.4328125 0.0296875 0.0546875
53 0.5 0.5640625 0.04375 0.0203125
58 0.9234375 0.521875 0.0546875 0.0203125
31 0.6484375 0.4625 0.0265625 0.059375
19 0.453125 0.703125 0.03125 0.0625
27 0.4546875 0.703125 0.03125 0.0609375
26 0.5046875 0.7 0.028125 0.059375
40 0.0375 0.43125 0.0265625 0.053125
21 0.3953125 0.465625 0.021875 0.05625
14 0.5640625 0.465625 0.0265625 0.0546875