55 0.240625 0.3578125 0.03125 0.0296875
58 0.4609375 0.80234375 0.040625 0.0265625
58 0.5203125 0.31953125 0.0375 0.0265625
58 0.86875 0.43359375 0.0390625 0.0265625
58 0.865625 0.72578125 0.0421875 0.0265625
57 0.50859375 0.41484375 0.1171875 0.034375
58 0.0890625 0.63046875 0.0375 0.025
52 0.15546875 0.34453125 0.046875 0.0234375
20 0.69140625 0.490625 0.034375 0.0625
35 0.609375 0.47890625 0.0328125 0.059375
47 0.52421875 0.46953125 0.0328125 0.059375
3 0.4390625 0.459375 0.034375 0.0578125
12 0.35546875 0.44921875 0.0328125 0.0625
33 0.2109375 0.26171875 0.0296875 0.0515625
31 0.16328125 0.25390625 0.0359375 0.059375
48 0.8765625 0.34140625 0.034375 0.0578125
49 0.9234375 0.34921875 0.034375 0.053125