22 0.3953125 0.4640625 0.0265625 0.0578125
57 0.5015625 0.4140625 0.115625 0.0171875
52 0.921875 0.5203125 0.046875 0.021875
55 0.1671875 0.5421875 0.0296875 0.028125
52 0.5 0.8015625 0.053125 0.0265625
42 0.453125 0.703125 0.0296875 0.059375
58 0.08125 0.5234375 0.0359375 0.0203125
58 0.5 0.31875 0.0265625 0.021875
53 0.5 0.5640625 0.0328125 0.021875
24 0.4796875 0.4640625 0.028125 0.059375
18 0.925 0.428125 0.0265625 0.0546875
45 0.878125 0.43125 0.0265625 0.0546875
8 0.65 0.4640625 0.0265625 0.0578125
14 0.5640625 0.4640625 0.0265625 0.05625
1 0.309375 0.4640625 0.0265625 0.059375
17 0.5046875 0.7015625 0.028125 0.0609375