12 0.39609375 0.465625 0.028125 0.0578125
57 0.503125 0.4140625 0.121875 0.0203125
35 0.31171875 0.4625 0.028125 0.05625
22 0.0859375 0.42265625 0.03125 0.05625
58 0.49453125 0.803125 0.053125 0.028125
55 0.16484375 0.53671875 0.028125 0.0265625
49 0.48046875 0.465625 0.028125 0.05625
52 0.5046875 0.3171875 0.0484375 0.021875
53 0.50078125 0.565625 0.040625 0.01875
36 0.56640625 0.46796875 0.028125 0.0578125
52 0.0796875 0.51640625 0.046875 0.021875
0 0.92578125 0.4390625 0.0296875 0.05625
58 0.91953125 0.53046875 0.0484375 0.021875
2 0.64921875 0.46796875 0.028125 0.05625
6 0.87890625 0.4390625 0.03125 0.053125
33 0.0390625 0.4265625 0.028125 0.0546875
35 0.31171875 0.4625 0.028125 0.05625