54 0.9453125 0.4671875 0.08125 0.0828125
54 0.809375 0.6453125 0.0796875 0.08125
58 0.92109375 0.53671875 0.0578125 0.025
58 0.490625 0.803125 0.0640625 0.0265625
58 0.23984375 0.346875 0.0484375 0.021875
58 0.78359375 0.71484375 0.059375 0.021875
54 0.890625 0.46484375 0.06875 0.078125
58 0.08046875 0.50703125 0.05625 0.0234375
54 0.7546875 0.64296875 0.0671875 0.0765625
58 0.50625 0.31875 0.05 0.021875
58 0.784375 0.36640625 0.05625 0.021875
58 0.20390625 0.69453125 0.0484375 0.021875
55 0.8375 0.54296875 0.0296875 0.028125
53 0.49765625 0.5640625 0.040625 0.0203125
57 0.5046875 0.4125 0.1234375 0.021875
25 0.3125 0.4578125 0.028125 0.059375
9 0.48125 0.46328125 0.025 0.059375
15 0.396875 0.46015625 0.028125 0.0578125