14 0.31484375 0.45546875 0.034375 0.0578125
45 0.4828125 0.46796875 0.0296875 0.059375
19 0.5671875 0.471875 0.034375 0.0609375
4 0.396875 0.46328125 0.03125 0.0609375
44 0.6515625 0.4734375 0.03125 0.059375
57 0.50625 0.4171875 0.1140625 0.028125
58 0.509375 0.3203125 0.0390625 0.021875
58 0.20078125 0.6921875 0.05 0.028125
58 0.48359375 0.80546875 0.0421875 0.0265625
58 0.7828125 0.72265625 0.040625 0.0203125
58 0.78671875 0.37421875 0.040625 0.021875
58 0.91953125 0.5484375 0.0515625 0.0265625
55 0.28828125 0.6328125 0.03125 0.0296875
53 0.70546875 0.640625 0.034375 0.021875