17 0.684375 0.4390625 0.034375 0.059375
41 0.43046875 0.4765625 0.034375 0.059375
44 0.59921875 0.4515625 0.034375 0.0609375
15 0.5125 0.46328125 0.0359375 0.059375
57 0.48671875 0.41796875 0.1296875 0.0390625
58 0.4734375 0.32265625 0.0578125 0.0328125
58 0.8390625 0.3421875 0.053125 0.0265625
58 0.9109375 0.6265625 0.059375 0.0328125
58 0.5421875 0.8015625 0.059375 0.0359375
58 0.13828125 0.73359375 0.0578125 0.0328125
58 0.12734375 0.44375 0.0546875 0.0296875
53 0.509375 0.56640625 0.046875 0.034375
55 0.79140625 0.58515625 0.0359375 0.0375
54 0.86171875 0.26796875 0.0796875 0.0859375
54 0.8078125 0.2765625 0.0890625 0.090625
54 0.49453125 0.25 0.08125 0.0875
54 0.43984375 0.2546875 0.0890625 0.0875