0 0.9234375 0.49453125 0.034375 0.059375
48 0.52578125 0.46796875 0.0375 0.0625
52 0.45078125 0.79921875 0.05625 0.034375
34 0.69296875 0.4921875 0.034375 0.059375
57 0.5125 0.41328125 0.1234375 0.034375
55 0.82421875 0.5921875 0.0328125 0.0328125
52 0.91015625 0.5859375 0.046875 0.0265625
52 0.52734375 0.31953125 0.0515625 0.028125
12 0.09296875 0.3625 0.0375 0.0609375
20 0.13671875 0.37421875 0.0375 0.059375
53 0.57890625 0.60234375 0.0484375 0.0265625
26 0.4640625 0.696875 0.040625 0.065625
53 0.48984375 0.56328125 0.0453125 0.0265625
58 0.078125 0.45546875 0.0578125 0.028125
40 0.96796875 0.503125 0.0359375 0.05625
19 0.51484375 0.7078125 0.040625 0.0671875
27 0.51328125 0.7078125 0.040625 0.065625
21 0.609375 0.48125 0.028125 0.059375