49 0.5359375 0.6953125 0.040625 0.0671875
15 0.390625 0.4796875 0.0390625 0.0625
57 0.4890625 0.41328125 0.1234375 0.0375
55 0.17578125 0.5921875 0.0328125 0.0328125
52 0.47265625 0.31953125 0.0515625 0.0296875
42 0.47421875 0.46796875 0.034375 0.059375
52 0.08828125 0.5859375 0.0484375 0.0265625
37 0.48671875 0.70625 0.0390625 0.0640625
53 0.51015625 0.56328125 0.0453125 0.0265625
58 0.54765625 0.79921875 0.059375 0.034375
58 0.91875 0.45703125 0.0625 0.03125
44 0.3078125 0.49375 0.0359375 0.0609375
13 0.55703125 0.453125 0.0359375 0.0609375
41 0.0328125 0.5046875 0.034375 0.05625
14 0.0765625 0.49609375 0.034375 0.05625