12 0.51875 0.4640625 0.0265625 0.059375
26 0.915625 0.428125 0.0265625 0.05625
47 0.9625 0.4328125 0.028125 0.05625
57 0.4984375 0.4125 0.1359375 0.0171875
53 0.5921875 0.590625 0.0421875 0.0203125
55 0.834375 0.5421875 0.0265625 0.0265625
52 0.4984375 0.8015625 0.053125 0.025
52 0.91875 0.5203125 0.0453125 0.01875
18 0.075 0.428125 0.028125 0.0546875
58 0.078125 0.525 0.05625 0.021875
53 0.5 0.5640625 0.0421875 0.0203125
27 0.4359375 0.4640625 0.0265625 0.0578125
49 0.35 0.4640625 0.0265625 0.059375
35 0.6046875 0.4640625 0.03125 0.05625
17 0.121875 0.4328125 0.0296875 0.0546875
11 0.6046875 0.465625 0.03125 0.0578125
46 0.546875 0.7046875 0.0296875 0.0578125
55 0.628125 0.565625 0.021875 0.0203125
35 0.6046875 0.4640625 0.0296875 0.05625
55 0.6046875 0.565625 0.021875 0.025
10 0.4953125 0.703125 0.0265625 0.059375
7 0.690625 0.465625 0.025 0.05625