55 0.8234375 0.59375 0.03125 0.03125
58 0.91015625 0.5875 0.0390625 0.025
52 0.45078125 0.80078125 0.053125 0.0296875
58 0.5265625 0.3234375 0.0375 0.0265625
57 0.51171875 0.41484375 0.115625 0.034375
13 0.9234375 0.49453125 0.0359375 0.0609375
53 0.48984375 0.56484375 0.0328125 0.021875
17 0.52578125 0.46796875 0.0328125 0.059375
49 0.4640625 0.6984375 0.0375 0.0671875
11 0.6921875 0.49375 0.0359375 0.059375
51 0.51484375 0.7078125 0.04375 0.06875
32 0.9671875 0.5078125 0.0390625 0.0609375
30 0.60859375 0.4828125 0.0359375 0.059375
35 0.6921875 0.496875 0.0375 0.0609375