54 0.8796875 0.55078125 0.0890625 0.0890625
54 0.934375 0.54375 0.0765625 0.0875
55 0.584375 0.63359375 0.0296875 0.0296875
58 0.9140625 0.61640625 0.053125 0.0296875
58 0.54609375 0.8 0.059375 0.034375
57 0.48515625 0.415625 0.1265625 0.0375
58 0.8375 0.3359375 0.0546875 0.0296875
53 0.51015625 0.56328125 0.046875 0.028125
58 0.4703125 0.32109375 0.0296875 0.0234375
58 0.1421875 0.73671875 0.028125 0.025
58 0.12734375 0.446875 0.0546875 0.0296875
54 0.803125 0.26875 0.0921875 0.090625
54 0.85625 0.26015625 0.08125 0.0875
27 0.6828125 0.4375 0.03125 0.0578125
11 0.59765625 0.45 0.0328125 0.059375
18 0.51484375 0.4640625 0.0328125 0.0578125
0 0.4296875 0.478125 0.03125 0.05625
45 0.34609375 0.48984375 0.0296875 0.0546875
51 0.58046875 0.70703125 0.0390625 0.05625
16 0.5296875 0.715625 0.0359375 0.059375