12 0.9109375 0.36953125 0.0359375 0.0625
39 0.55859375 0.45546875 0.0359375 0.0609375
30 0.39140625 0.47890625 0.0359375 0.0625
57 0.4875 0.41328125 0.1375 0.0375
52 0.47578125 0.31875 0.053125 0.028125
52 0.54375 0.8 0.0578125 0.034375
55 0.83515625 0.4953125 0.0328125 0.0296875
52 0.92109375 0.46328125 0.046875 0.0234375
6 0.475 0.4671875 0.0359375 0.0609375
35 0.64375 0.44375 0.0359375 0.059375
53 0.42109375 0.60234375 0.0484375 0.0265625
4 0.5328125 0.69921875 0.040625 0.0671875
51 0.86484375 0.38046875 0.0390625 0.0609375
53 0.50546875 0.5640625 0.05 0.025
58 0.08671875 0.58203125 0.053125 0.028125
35 0.6421875 0.44375 0.0375 0.0609375
37 0.0328125 0.49765625 0.034375 0.0578125
21 0.3078125 0.490625 0.034375 0.0625
5 0.48203125 0.709375 0.0375 0.065625
24 0.07890625 0.48828125 0.0375 0.0625