12 0.56328125 0.46484375 0.0296875 0.059375
9 0.47890625 0.465625 0.0265625 0.0578125
54 0.81640625 0.62890625 0.08125 0.0796875
54 0.94296875 0.44375 0.08125 0.0796875
54 0.76015625 0.6296875 0.065625 0.0765625
54 0.88828125 0.44453125 0.0671875 0.0765625
57 0.5 0.4140625 0.125 0.0203125
58 0.50703125 0.803125 0.0609375 0.0296875
58 0.79296875 0.7 0.0578125 0.0234375
58 0.9203125 0.51484375 0.059375 0.0234375
55 0.84140625 0.525 0.03125 0.028125
58 0.08203125 0.52890625 0.0578125 0.025
58 0.23203125 0.3625 0.0484375 0.025
58 0.21484375 0.709375 0.05 0.025
58 0.77734375 0.3515625 0.05625 0.0234375
58 0.4984375 0.31875 0.05 0.025
19 0.39453125 0.465625 0.028125 0.0578125
25 0.31015625 0.4671875 0.0265625 0.0578125
25 0.30859375 0.4671875 0.0265625 0.0578125
15 0.39453125 0.465625 0.028125 0.0578125
53 0.50078125 0.5640625 0.04375 0.0203125