11 0.52578125 0.46796875 0.0375 0.0625
51 0.5125 0.71875 0.0390625 0.0609375
57 0.5125 0.41328125 0.11875 0.0375
12 0.6921875 0.49375 0.0375 0.0609375
47 0.4421875 0.4546875 0.0375 0.0609375
1 0.609375 0.48125 0.0328125 0.059375
58 0.85703125 0.73515625 0.0359375 0.025
55 0.540625 0.65234375 0.0296875 0.028125
52 0.08671875 0.61328125 0.0484375 0.028125
58 0.25234375 0.315625 0.053125 0.0296875
58 0.790625 0.40078125 0.05 0.0296875
29 0.359375 0.44140625 0.034375 0.0609375
58 0.4515625 0.79765625 0.0546875 0.0328125
35 0.1421875 0.53046875 0.0375 0.0546875
53 0.48984375 0.56328125 0.034375 0.0234375
23 0.46171875 0.7109375 0.0390625 0.0640625
7 0.2640625 0.2203125 0.034375 0.0578125
13 0.0984375 0.51875 0.0296875 0.0515625
35 0.14453125 0.52890625 0.0375 0.0546875
27 0.30859375 0.23203125 0.0390625 0.0625