30 0.4984375 0.7 0.0296875 0.0609375
57 0.496875 0.4125 0.1234375 0.01875
48 0.51953125 0.4640625 0.0296875 0.059375
22 0.4921875 0.221875 0.028125 0.05625
52 0.50390625 0.803125 0.053125 0.028125
23 0.5375 0.22578125 0.0296875 0.0546875
55 0.56484375 0.64296875 0.028125 0.0296875
52 0.4953125 0.3171875 0.0484375 0.0234375
4 0.60390625 0.4625 0.0296875 0.0578125
51 0.55078125 0.70234375 0.0328125 0.0625
38 0.68828125 0.459375 0.028125 0.0578125
53 0.50078125 0.5640625 0.04375 0.0203125
58 0.07890625 0.52890625 0.05 0.0234375
14 0.43359375 0.46328125 0.028125 0.05625
58 0.9203125 0.51640625 0.05 0.025
27 0.0734375 0.4359375 0.0328125 0.059375
46 0.12109375 0.440625 0.028125 0.0515625