37 0.56953125 0.69765625 0.0359375 0.0640625
38 0.521875 0.70234375 0.0375 0.065625
53 0.509375 0.6296875 0.0421875 0.0234375
53 0.48125 0.3859375 0.028125 0.021875
53 0.25390625 0.4453125 0.0328125 0.0203125
55 0.75859375 0.3609375 0.03125 0.03125
58 0.84375 0.34921875 0.075 0.034375
58 0.5375 0.80390625 0.05625 0.0328125
58 0.1328125 0.72734375 0.065625 0.03125
58 0.13046875 0.43671875 0.0625 0.028125
58 0.478125 0.3234375 0.059375 0.028125
52 0.9078125 0.63125 0.05 0.0265625
57 0.48984375 0.41484375 0.13125 0.0390625
54 0.49921875 0.2484375 0.08125 0.0796875
54 0.44453125 0.2546875 0.0890625 0.0875
54 0.80859375 0.2828125 0.0890625 0.090625
54 0.86875 0.275 0.075 0.0828125
54 0.14921875 0.36328125 0.08125 0.0828125
54 0.096875 0.3703125 0.090625 0.0921875