54 0.171875 0.58984375 0.0890625 0.0890625
54 0.22578125 0.5984375 0.075 0.08125
55 0.159375 0.48515625 0.0328125 0.0296875
54 0.12109375 0.39765625 0.0765625 0.0828125
54 0.0671875 0.3921875 0.0875 0.0875
58 0.45625 0.8 0.04375 0.028125
58 0.7578125 0.74453125 0.053125 0.028125
58 0.07890625 0.46484375 0.0390625 0.0265625
58 0.18359375 0.6625 0.0375 0.025
58 0.52421875 0.31875 0.0390625 0.0265625
57 0.50859375 0.415625 0.1171875 0.0375
58 0.24453125 0.31875 0.0390625 0.0265625
53 0.30078125 0.56796875 0.0265625 0.025
53 0.478125 0.621875 0.0234375 0.028125
28 0.51796875 0.7109375 0.034375 0.0609375
3 0.4671875 0.70078125 0.0390625 0.059375
53 0.4890625 0.56796875 0.01875 0.01875