12 0.56953125 0.475 0.034375 0.0625
57 0.5140625 0.41328125 0.1359375 0.0359375
30 0.65390625 0.48359375 0.034375 0.059375
55 0.68515625 0.66640625 0.0296875 0.0265625
52 0.459375 0.79921875 0.05625 0.034375
58 0.25703125 0.3203125 0.0625 0.0296875
58 0.08046875 0.46328125 0.0515625 0.028125
58 0.91328125 0.58046875 0.0625 0.028125
58 0.759375 0.74140625 0.0625 0.0296875
58 0.52734375 0.31953125 0.05 0.0265625
58 0.7953125 0.39609375 0.065625 0.03125
58 0.18515625 0.6625 0.053125 0.028125
53 0.49140625 0.56328125 0.053125 0.0265625
49 0.31796875 0.43671875 0.0328125 0.0625
14 0.4015625 0.45 0.0359375 0.0609375
25 0.48515625 0.46171875 0.0328125 0.0609375
45 0.425 0.69453125 0.0359375 0.0625
57 0.4796875 0.6546875 0.0484375 0.025
23 0.72890625 0.64765625 0.0359375 0.0578125
21 0.475 0.7 0.0359375 0.0625
18 0.775 0.65234375 0.0328125 0.05625