8 0.309375 0.496875 0.0390625 0.0640625
48 0.64296875 0.4453125 0.0359375 0.0578125
32 0.7640625 0.5765625 0.04375 0.0609375
35 0.38984375 0.484375 0.0359375 0.05625
39 0.475 0.47109375 0.034375 0.0578125
47 0.8078125 0.56640625 0.0375 0.0578125
6 0.5578125 0.45625 0.0390625 0.0640625
46 0.53671875 0.7 0.040625 0.0640625
41 0.4859375 0.7109375 0.0359375 0.0625
58 0.090625 0.59140625 0.0546875 0.0296875
58 0.4734375 0.32265625 0.0421875 0.0265625
58 0.75390625 0.3171875 0.04375 0.0265625
58 0.82109375 0.659375 0.0390625 0.025
58 0.24609375 0.75234375 0.0625 0.03125
52 0.54765625 0.80234375 0.053125 0.03125
53 0.5125 0.56796875 0.0484375 0.025
57 0.48828125 0.41640625 0.1296875 0.0421875
55 0.76640625 0.353125 0.0359375 0.034375