49 0.51484375 0.69765625 0.034375 0.0640625
15 0.39375 0.46796875 0.0328125 0.059375
57 0.4984375 0.4125 0.1234375 0.025
55 0.16796875 0.5578125 0.0296875 0.0296875
52 0.4921875 0.3171875 0.05 0.025
42 0.478125 0.46484375 0.0296875 0.0578125
52 0.08125 0.5421875 0.046875 0.021875
37 0.465625 0.70390625 0.0328125 0.0625
53 0.503125 0.5640625 0.04375 0.021875
58 0.515625 0.80234375 0.0578125 0.0296875
58 0.92109375 0.5015625 0.0609375 0.025
44 0.309375 0.47421875 0.0296875 0.059375
13 0.56171875 0.459375 0.0296875 0.059375
41 0.034375 0.45546875 0.0296875 0.0546875
14 0.0796875 0.4515625 0.0296875 0.0546875