27 0.5640625 0.4625 0.028125 0.05625
57 0.5015625 0.4125 0.134375 0.01875
58 0.5 0.803125 0.065625 0.028125
58 0.234375 0.35625 0.059375 0.0234375
34 0.3953125 0.4640625 0.0265625 0.05625
52 0.2109375 0.703125 0.046875 0.0203125
58 0.9203125 0.521875 0.0625 0.021875
58 0.08125 0.5234375 0.05625 0.025
1 0.3109375 0.4640625 0.025 0.059375
58 0.778125 0.3578125 0.046875 0.021875
58 0.5015625 0.31875 0.05 0.0234375
58 0.7890625 0.7046875 0.059375 0.021875
36 0.48125 0.4640625 0.028125 0.0578125
55 0.2171875 0.3953125 0.028125 0.025
38 0.1921875 0.2671875 0.025 0.05625
44 0.2140625 0.6125 0.028125 0.0546875
53 0.5 0.5640625 0.05 0.0203125
45 0.1671875 0.615625 0.028125 0.0546875
55 0.8375 0.659375 0.0296875 0.0203125
26 0.2375 0.265625 0.028125 0.053125