54 0.83203125 0.5765625 0.0921875 0.0890625
57 0.48671875 0.41328125 0.1171875 0.040625
54 0.0484375 0.52890625 0.0796875 0.084375
54 0.77890625 0.5875 0.0765625 0.0828125
54 0.92890625 0.375 0.0921875 0.090625
54 0.1703125 0.340625 0.078125 0.0859375
54 0.10078125 0.51953125 0.0890625 0.090625
54 0.22421875 0.33125 0.0921875 0.0921875
53 0.5109375 0.56328125 0.034375 0.0234375
54 0.875 0.3859375 0.078125 0.0875
53 0.28828125 0.44375 0.03125 0.021875
58 0.91953125 0.4484375 0.0609375 0.03125
55 0.46328125 0.65234375 0.03125 0.03125
58 0.55234375 0.7984375 0.0671875 0.0390625
58 0.74921875 0.31015625 0.05 0.028125
58 0.21328125 0.4046875 0.059375 0.03125
58 0.25078125 0.75 0.0625 0.0328125
53 0.18828125 0.55625 0.03125 0.021875
58 0.09296875 0.5921875 0.059375 0.03125
58 0.8203125 0.65 0.0609375 0.0296875
58 0.46953125 0.31953125 0.0609375 0.03125
57 0.52734375 0.65390625 0.0515625 0.0265625
57 0.52734375 0.65546875 0.053125 0.028125
8 0.53984375 0.69765625 0.0390625 0.0640625
26 0.4890625 0.7078125 0.0359375 0.0609375
26 0.4890625 0.7078125 0.0375 0.0640625