57 0.4921875 0.4109375 0.115625 0.03125
54 0.7828125 0.29453125 0.06875 0.06875
55 0.18515625 0.46796875 0.03125 0.03125
56 0.8140625 0.7796875 0.371875 0.1125
53 0.515625 0.62578125 0.0234375 0.021875
54 0.83828125 0.29296875 0.0859375 0.078125
58 0.5265625 0.80078125 0.0421875 0.0296875
53 0.74140625 0.41328125 0.0234375 0.01875
32 0.47265625 0.70625 0.0359375 0.0609375
58 0.82109375 0.3671875 0.0375 0.025
58 0.1625 0.42578125 0.0359375 0.025
53 0.740625 0.41484375 0.0234375 0.01875
40 0.521875 0.69921875 0.0328125 0.0625