30 0.52265625 0.696875 0.0359375 0.0625
57 0.48515625 0.415625 0.11875 0.034375
43 0.43125 0.4734375 0.034375 0.0578125
55 0.315625 0.66796875 0.028125 0.028125
36 0.5734375 0.69609375 0.0375 0.0625
58 0.91796875 0.46328125 0.053125 0.028125
58 0.08515625 0.58046875 0.05 0.028125
4 0.7984375 0.56875 0.03125 0.053125
47 0.34765625 0.48515625 0.034375 0.0578125
58 0.81484375 0.6609375 0.0515625 0.028125
58 0.240625 0.74296875 0.0375 0.025
58 0.54140625 0.796875 0.0421875 0.0296875
58 0.2046875 0.39453125 0.0390625 0.0265625
58 0.47265625 0.31953125 0.0390625 0.0265625
44 0.68203125 0.43828125 0.034375 0.059375
53 0.7203125 0.5953125 0.03125 0.0234375
33 0.8453125 0.56484375 0.0328125 0.0515625
10 0.51484375 0.46171875 0.034375 0.059375
14 0.5984375 0.45 0.034375 0.0578125