57 0.50625 0.4140625 0.125 0.0296875
34 0.12890625 0.4015625 0.0328125 0.05625
2 0.69140625 0.48046875 0.03125 0.05625
33 0.60703125 0.4734375 0.0296875 0.0578125
58 0.4734375 0.80234375 0.0578125 0.03125
55 0.8296875 0.57109375 0.03125 0.0296875
53 0.49296875 0.5640625 0.0421875 0.021875
52 0.915625 0.55859375 0.046875 0.021875
58 0.07734375 0.48828125 0.0265625 0.0203125
42 0.4390625 0.46015625 0.03125 0.0578125
51 0.5234375 0.465625 0.0328125 0.0609375
10 0.9203125 0.46640625 0.03125 0.05625
42 0.4390625 0.46015625 0.0328125 0.0578125
13 0.0828125 0.39453125 0.028125 0.0515625
14 0.96796875 0.475 0.0296875 0.0546875