14 0.3109375 0.47890625 0.034375 0.0578125
45 0.47890625 0.4703125 0.03125 0.059375
19 0.56328125 0.4640625 0.0359375 0.0609375
4 0.39375 0.47578125 0.0328125 0.0609375
44 0.646875 0.45546875 0.0328125 0.059375
57 0.49609375 0.4171875 0.1140625 0.0296875
58 0.4875 0.32109375 0.0390625 0.0234375
58 0.22578125 0.72734375 0.05 0.028125
58 0.52109375 0.80546875 0.0421875 0.028125
58 0.8078125 0.68671875 0.040625 0.021875
58 0.76953125 0.33984375 0.040625 0.0234375
58 0.92265625 0.496875 0.0515625 0.0265625
55 0.30546875 0.6578125 0.03125 0.0296875
53 0.72109375 0.61484375 0.034375 0.021875