39 0.5578125 0.4546875 0.034375 0.059375
57 0.48671875 0.41484375 0.1296875 0.0390625
0 0.3078125 0.4953125 0.0375 0.0609375
52 0.47265625 0.31953125 0.05 0.0296875
38 0.640625 0.44140625 0.0328125 0.059375
58 0.54765625 0.79921875 0.0578125 0.034375
58 0.24765625 0.7453125 0.0390625 0.0265625
35 0.415625 0.23828125 0.0359375 0.0578125
58 0.9203125 0.45546875 0.05 0.028125
4 0.0765625 0.49609375 0.0375 0.0609375
58 0.75390625 0.3140625 0.0484375 0.028125
58 0.08984375 0.5875 0.0515625 0.0296875
2 0.390625 0.48125 0.034375 0.0578125
36 0.46171875 0.22578125 0.034375 0.0578125
16 0.47421875 0.46953125 0.0359375 0.0609375
53 0.51015625 0.56484375 0.0453125 0.0265625
16 0.47421875 0.46953125 0.0359375 0.0609375
7 0.0328125 0.50625 0.034375 0.0578125
58 0.2171875 0.40234375 0.0375 0.0265625