57 0.5 0.4125 0.134375 0.021875
34 0.60546875 0.465625 0.028125 0.05625
33 0.546875 0.22890625 0.0265625 0.053125
58 0.49453125 0.8046875 0.065625 0.028125
58 0.76796875 0.3609375 0.059375 0.025
58 0.0796875 0.51484375 0.0625 0.0234375
52 0.78515625 0.709375 0.046875 0.021875
1 0.69140625 0.4671875 0.0265625 0.0578125
58 0.22421875 0.353125 0.0484375 0.0234375
58 0.5015625 0.31875 0.05 0.025
58 0.20703125 0.7 0.059375 0.0234375
58 0.91796875 0.53046875 0.0578125 0.025
36 0.51953125 0.4640625 0.0296875 0.0578125
55 0.784375 0.4 0.028125 0.0265625
38 0.81171875 0.27265625 0.0265625 0.0546875
44 0.78359375 0.6171875 0.0296875 0.0546875
53 0.49921875 0.5640625 0.05 0.021875
45 0.83046875 0.62109375 0.028125 0.05625
5 0.5015625 0.2234375 0.0296875 0.05625
7 0.5015625 0.2234375 0.0296875 0.05625
17 0.35234375 0.46171875 0.0265625 0.05625
27 0.43671875 0.46328125 0.0296875 0.0578125
26 0.76640625 0.2703125 0.0265625 0.0515625