57 0.4921875 0.4140625 0.1265625 0.025
54 0.88046875 0.296875 0.0734375 0.0796875
54 0.82578125 0.2984375 0.0828125 0.0828125
53 0.503125 0.5640625 0.04375 0.0234375
55 0.571875 0.64140625 0.028125 0.028125
58 0.515625 0.80234375 0.05625 0.0296875
21 0.68828125 0.45390625 0.028125 0.0578125
58 0.490625 0.31875 0.0515625 0.028125
58 0.11953125 0.696875 0.053125 0.025
58 0.853125 0.3703125 0.053125 0.028125
58 0.89921875 0.6578125 0.0515625 0.0265625
58 0.13515625 0.4046875 0.0515625 0.025
34 0.60234375 0.45859375 0.0296875 0.0578125
1 0.51875 0.46328125 0.0296875 0.059375
46 0.5578125 0.703125 0.0359375 0.059375
39 0.5078125 0.703125 0.03125 0.0609375