34 0.8671875 0.3875 0.0359375 0.0578125
57 0.4890625 0.41328125 0.1375 0.0359375
0 0.3078125 0.4890625 0.0359375 0.0625
23 0.3921875 0.47890625 0.034375 0.0609375
55 0.45390625 0.65078125 0.0296875 0.0296875
50 0.07890625 0.4796875 0.0328125 0.059375
52 0.47890625 0.31875 0.0484375 0.028125
8 0.559375 0.4578125 0.034375 0.0609375
28 0.64453125 0.44609375 0.034375 0.0625
58 0.53671875 0.79921875 0.0734375 0.0359375
52 0.08671875 0.57109375 0.046875 0.0234375
52 0.92109375 0.4703125 0.05 0.025
53 0.41953125 0.6015625 0.053125 0.0265625
53 0.5078125 0.56484375 0.0421875 0.025
7 0.46953125 0.225 0.034375 0.0578125
11 0.91171875 0.37734375 0.0359375 0.0578125
38 0.47578125 0.4671875 0.0328125 0.059375
33 0.425 0.23515625 0.0328125 0.0578125
55 0.33125 0.58828125 0.025 0.025
39 0.0328125 0.48984375 0.034375 0.0578125
40 0.48046875 0.71015625 0.034375 0.0609375