55 0.63984375 0.359375 0.0296875 0.0265625
54 0.22578125 0.615625 0.084375 0.0828125
58 0.47890625 0.80234375 0.0609375 0.03125
54 0.234375 0.271875 0.084375 0.0859375
54 0.178125 0.26796875 0.0734375 0.0796875
58 0.19765625 0.684375 0.053125 0.028125
54 0.16953125 0.61015625 0.0703125 0.0765625
57 0.5078125 0.4125 0.1265625 0.0296875
58 0.20234375 0.33984375 0.053125 0.028125
58 0.07890625 0.4921875 0.053125 0.025
58 0.41640625 0.3109375 0.053125 0.025
58 0.91953125 0.553125 0.05625 0.025
53 0.4953125 0.5640625 0.0453125 0.025
58 0.77578125 0.72265625 0.0515625 0.025
58 0.6109375 0.32265625 0.053125 0.025
58 0.8171875 0.38125 0.028125 0.025
44 0.3140625 0.45234375 0.0296875 0.05625
0 0.48203125 0.4625 0.03125 0.0609375
38 0.56640625 0.46875 0.0296875 0.0578125
24 0.39765625 0.45859375 0.0328125 0.0609375