58 0.4890625 0.8046875 0.059375 0.0265625
54 0.1734375 0.625 0.0671875 0.075
54 0.228125 0.6265625 0.08125 0.0796875
58 0.20234375 0.69609375 0.053125 0.025
54 0.57734375 0.25078125 0.06875 0.075
58 0.07890625 0.50859375 0.05 0.0234375
54 0.63046875 0.2515625 0.08125 0.0796875
58 0.8125 0.3734375 0.053125 0.025
58 0.91953125 0.53828125 0.053125 0.0234375
58 0.409375 0.315625 0.0515625 0.021875
57 0.5046875 0.4140625 0.1265625 0.0234375
55 0.63515625 0.35625 0.0296875 0.0265625
58 0.78359375 0.71640625 0.05 0.0234375
58 0.6046875 0.32265625 0.0515625 0.0234375
53 0.49765625 0.565625 0.0421875 0.0203125
58 0.196875 0.3515625 0.0265625 0.0203125
8 0.3140625 0.4609375 0.028125 0.0578125
16 0.396875 0.46328125 0.025 0.0578125
32 0.48046875 0.46640625 0.03125 0.0609375
34 0.56484375 0.46953125 0.028125 0.059375
25 0.64921875 0.47109375 0.025 0.05625