49 0.1609375 0.3234375 0.0359375 0.0578125
18 0.4734375 0.46796875 0.0359375 0.059375
54 0.6640625 0.45078125 0.090625 0.11875
50 0.30703125 0.49609375 0.0359375 0.059375
57 0.48515625 0.4140625 0.128125 0.0421875
53 0.425 0.60390625 0.04375 0.025
22 0.55703125 0.453125 0.0359375 0.0578125
52 0.17578125 0.415625 0.0484375 0.028125
53 0.5125 0.5625 0.04375 0.025
52 0.56640625 0.30234375 0.0515625 0.028125
55 0.34609375 0.375 0.03125 0.03125
58 0.55234375 0.796875 0.0578125 0.0359375
51 0.11484375 0.3328125 0.0390625 0.0609375
53 0.60625 0.571875 0.03125 0.021875
58 0.09140625 0.59453125 0.0515625 0.0296875
58 0.91796875 0.4484375 0.05 0.0296875
52 0.37265625 0.33671875 0.0484375 0.028125
26 0.390625 0.48125 0.0375 0.059375
41 0.86015625 0.36640625 0.0359375 0.0578125
42 0.86015625 0.36640625 0.0359375 0.0578125
44 0.35859375 0.24609375 0.0359375 0.0578125
40 0.3140625 0.25546875 0.0359375 0.0578125
27 0.55234375 0.21015625 0.0359375 0.0578125
27 0.55234375 0.21015625 0.0359375 0.0578125
29 0.5078125 0.22109375 0.03125 0.0546875
14 0.9046875 0.35546875 0.0359375 0.0578125