12 0.43828125 0.4609375 0.0328125 0.0609375
9 0.52265625 0.4671875 0.0296875 0.059375
54 0.17734375 0.6125 0.084375 0.0828125
54 0.0609375 0.42109375 0.084375 0.0828125
54 0.23359375 0.61640625 0.06875 0.0796875
54 0.115625 0.42421875 0.0703125 0.0796875
57 0.5046875 0.4140625 0.1265625 0.028125
58 0.47734375 0.80234375 0.0625 0.0328125
58 0.19765625 0.684375 0.059375 0.0265625
58 0.07890625 0.4921875 0.0609375 0.0265625
55 0.1578125 0.50703125 0.0328125 0.0296875
58 0.91640625 0.55078125 0.059375 0.028125
58 0.775 0.3765625 0.05 0.0265625
58 0.77421875 0.72421875 0.0515625 0.0265625
58 0.23125 0.33671875 0.0578125 0.025
58 0.5109375 0.31875 0.0515625 0.0265625
19 0.60703125 0.47109375 0.03125 0.059375
25 0.69140625 0.47734375 0.0296875 0.059375
25 0.69296875 0.47734375 0.0296875 0.059375
15 0.60703125 0.47109375 0.03125 0.059375
53 0.4953125 0.5640625 0.0453125 0.0234375