54 0.81640625 0.62734375 0.08125 0.0796875
57 0.5 0.4125 0.115625 0.021875
54 0.18203125 0.63828125 0.0671875 0.075
54 0.76171875 0.628125 0.065625 0.075
54 0.23515625 0.6375 0.08125 0.078125
54 0.19921875 0.28984375 0.0671875 0.075
54 0.88828125 0.44453125 0.0671875 0.078125
54 0.74296875 0.27890625 0.06875 0.075
54 0.79765625 0.27734375 0.0796875 0.078125
54 0.10390625 0.45703125 0.0796875 0.0796875
54 0.04921875 0.4578125 0.06875 0.075
54 0.25390625 0.28984375 0.08125 0.08125
54 0.94296875 0.4421875 0.08125 0.0796875
58 0.921875 0.51328125 0.05625 0.025
53 0.50078125 0.5625 0.03125 0.01875
53 0.3 0.4109375 0.0265625 0.0171875
58 0.50703125 0.8015625 0.065625 0.0296875
55 0.16171875 0.5375 0.028125 0.028125
58 0.08046875 0.52734375 0.05 0.0234375
58 0.23359375 0.3609375 0.05625 0.025
58 0.7921875 0.6984375 0.0578125 0.021875
58 0.21484375 0.7078125 0.05 0.0234375
53 0.6546875 0.40546875 0.028125 0.0171875
58 0.77578125 0.35 0.05625 0.0234375
30 0.5078125 0.7 0.028125 0.05625
26 0.5078125 0.7 0.0296875 0.05625
27 0.45703125 0.70390625 0.0328125 0.0609375