49 0.48359375 0.69765625 0.0375 0.065625
15 0.4 0.4515625 0.0359375 0.0609375
57 0.5125 0.41328125 0.1234375 0.0296875
55 0.16328125 0.50546875 0.03125 0.03125
52 0.5203125 0.31796875 0.0484375 0.025
52 0.0796875 0.4765625 0.046875 0.025
42 0.48359375 0.4609375 0.0328125 0.059375
58 0.46796875 0.8015625 0.059375 0.0328125
58 0.915625 0.5671875 0.0609375 0.028125
44 0.315625 0.44453125 0.0328125 0.0609375
53 0.49453125 0.5640625 0.04375 0.025
37 0.43359375 0.69609375 0.034375 0.0625
41 0.046875 0.38359375 0.03125 0.05625
13 0.0921875 0.38671875 0.0328125 0.0609375