53 0.4875 0.5609375 0.0484375 0.0296875
54 0.42578125 0.228125 0.090625 0.090625
54 0.89765625 0.51953125 0.090625 0.0890625
54 0.478125 0.2390625 0.078125 0.0859375
54 0.9515625 0.52890625 0.08125 0.0859375
54 0.8671875 0.35078125 0.084375 0.0890625
54 0.81484375 0.34140625 0.090625 0.0921875
58 0.90859375 0.59296875 0.0546875 0.03125
57 0.5140625 0.41171875 0.1265625 0.0421875
55 0.3984375 0.328125 0.0328125 0.03125
58 0.62734375 0.33515625 0.05625 0.034375
58 0.2234375 0.30703125 0.053125 0.03125
58 0.17890625 0.64765625 0.028125 0.0265625
56 0.175 0.75078125 0.35 0.1453125
58 0.75 0.7484375 0.028125 0.028125
58 0.08125 0.446875 0.05625 0.0328125
58 0.82578125 0.41484375 0.0546875 0.0328125
8 0.69296875 0.49609375 0.0359375 0.0609375
58 0.43515625 0.3015625 0.0546875 0.03125
58 0.44765625 0.7953125 0.0640625 0.040625
44 0.4421875 0.4515625 0.034375 0.0578125
47 0.5109375 0.70625 0.040625 0.0640625
39 0.5265625 0.46640625 0.0359375 0.0609375
31 0.46015625 0.69765625 0.0375 0.065625
29 0.609375 0.484375 0.0328125 0.0609375