54 0.7953125 0.30703125 0.0828125 0.0828125
55 0.80625 0.41875 0.0328125 0.0328125
58 0.51953125 0.80234375 0.0390625 0.0296875
57 0.4921875 0.4140625 0.1078125 0.0265625
58 0.1625 0.4203125 0.0375 0.025
58 0.821875 0.37578125 0.0375 0.025
54 0.85 0.303125 0.071875 0.078125
54 0.18984375 0.34609375 0.0734375 0.0734375
54 0.13359375 0.35 0.084375 0.078125
53 0.5046875 0.565625 0.025 0.021875
41 0.6875 0.45390625 0.0265625 0.0578125
27 0.60234375 0.45859375 0.028125 0.05625
45 0.51796875 0.465625 0.028125 0.0578125
25 0.5609375 0.70234375 0.0296875 0.0578125
21 0.509375 0.7015625 0.0296875 0.0609375