55 0.53828125 0.35 0.028125 0.0265625
58 0.91796875 0.50859375 0.0328125 0.0234375
52 0.50859375 0.8015625 0.053125 0.028125
57 0.4953125 0.4125 0.1125 0.021875
58 0.49375 0.31875 0.0359375 0.0234375
16 0.51875 0.46484375 0.028125 0.0578125
18 0.6890625 0.459375 0.025 0.05625
41 0.6046875 0.46171875 0.0265625 0.0578125
8 0.43359375 0.46953125 0.028125 0.0578125
11 0.35078125 0.47265625 0.0296875 0.0578125
53 0.50234375 0.5671875 0.028125 0.0171875
32 0.55234375 0.70625 0.03125 0.0625
31 0.50390625 0.703125 0.03125 0.0609375
49 0.91328125 0.41484375 0.028125 0.0578125
34 0.96015625 0.41796875 0.028125 0.053125