55 0.225 0.3890625 0.028125 0.028125
58 0.4984375 0.803125 0.05625 0.0265625
54 0.9234375 0.609375 0.0640625 0.0734375
58 0.8890625 0.6796875 0.05 0.0203125
54 0.865625 0.60625 0.078125 0.075
53 0.5 0.565625 0.04375 0.021875
58 0.4984375 0.31875 0.0265625 0.021875
57 0.4984375 0.4140625 0.1234375 0.0203125
58 0.859375 0.390625 0.0515625 0.0234375
58 0.109375 0.6796875 0.05 0.021875
58 0.140625 0.3890625 0.05 0.021875
54 0.8890625 0.31875 0.0703125 0.078125
54 0.8359375 0.31875 0.0796875 0.08125
40 0.6890625 0.465625 0.025 0.0625
43 0.6046875 0.46875 0.025 0.059375
33 0.5203125 0.4671875 0.0265625 0.05625
22 0.546875 0.70625 0.028125 0.059375
4 0.4953125 0.703125 0.03125 0.0609375