58 0.87265625 0.4453125 0.05625 0.034375
58 0.1625 0.3328125 0.0546875 0.0296875
54 0.196875 0.2671875 0.0921875 0.0921875
54 0.14296875 0.25859375 0.0796875 0.0875
54 0.90703125 0.3796875 0.0921875 0.090625
55 0.24609375 0.34609375 0.0296875 0.0296875
54 0.85390625 0.37109375 0.0828125 0.0875
58 0.52890625 0.31953125 0.03125 0.028125
57 0.51484375 0.4140625 0.128125 0.0390625
58 0.453125 0.79765625 0.0609375 0.034375
58 0.8578125 0.73515625 0.0546875 0.0296875
58 0.0859375 0.61484375 0.0515625 0.03125
53 0.49140625 0.56328125 0.0453125 0.025
10 0.4859375 0.46015625 0.034375 0.059375
42 0.40234375 0.4484375 0.0375 0.0609375
11 0.31875 0.43515625 0.0375 0.0609375