49 0.60390625 0.465625 0.0296875 0.059375
45 0.35078125 0.46953125 0.0296875 0.059375
0 0.68828125 0.4640625 0.0296875 0.05625
20 0.51796875 0.4671875 0.028125 0.059375
48 0.43359375 0.46796875 0.03125 0.05625
55 0.54140625 0.35234375 0.028125 0.0265625
54 0.8875 0.31328125 0.0703125 0.0796875
54 0.83125 0.31484375 0.0765625 0.078125
54 0.14296875 0.6171875 0.0671875 0.0796875
54 0.08984375 0.62265625 0.0828125 0.0890625
57 0.496875 0.415625 0.1046875 0.021875
53 0.5 0.5671875 0.0203125 0.0203125
58 0.50390625 0.80625 0.0421875 0.025
58 0.8921875 0.67421875 0.040625 0.021875
58 0.85546875 0.384375 0.0375 0.021875
58 0.496875 0.3203125 0.0390625 0.0234375
58 0.1390625 0.396875 0.034375 0.0203125
58 0.1109375 0.68984375 0.0375 0.021875