58 0.13046875 0.42578125 0.05625 0.03125
58 0.8453125 0.35078125 0.053125 0.0265625
54 0.81484375 0.2828125 0.0875 0.0890625
54 0.86953125 0.27734375 0.0765625 0.084375
54 0.1 0.35859375 0.0890625 0.0859375
55 0.76171875 0.359375 0.0296875 0.0296875
54 0.153125 0.35234375 0.0796875 0.084375
58 0.48125 0.31796875 0.0296875 0.0265625
57 0.4890625 0.41328125 0.128125 0.03125
58 0.53125 0.8 0.059375 0.03125
58 0.1296875 0.71640625 0.053125 0.0265625
58 0.90703125 0.6359375 0.05 0.028125
53 0.50546875 0.5640625 0.04375 0.0234375
10 0.51640625 0.4609375 0.0328125 0.059375
42 0.6 0.453125 0.034375 0.0609375
11 0.684375 0.44453125 0.0359375 0.059375