55 0.16328125 0.559375 0.03125 0.03125
58 0.528125 0.803125 0.053125 0.0296875
58 0.92109375 0.48828125 0.05 0.025
58 0.2109375 0.3859375 0.0515625 0.0265625
52 0.22890625 0.73203125 0.0484375 0.025
58 0.08125 0.55859375 0.0375 0.021875
57 0.4890625 0.41484375 0.1265625 0.028125
53 0.50546875 0.5671875 0.0453125 0.0234375
11 0.071875 0.4671875 0.0328125 0.05625
39 0.68515625 0.44765625 0.0328125 0.059375
19 0.2640625 0.63515625 0.034375 0.05625
22 0.11875 0.465625 0.03125 0.05625
11 0.071875 0.4671875 0.034375 0.0578125
27 0.5171875 0.4640625 0.03125 0.059375
22 0.6015625 0.45625 0.0296875 0.0625
18 0.2171875 0.6390625 0.0328125 0.0546875