30 0.5640625 0.465625 0.0265625 0.0546875
32 0.0375 0.4328125 0.0296875 0.0578125
57 0.5015625 0.4140625 0.1234375 0.0171875
58 0.921875 0.521875 0.05 0.021875
58 0.0796875 0.5234375 0.05 0.021875
4 0.48125 0.4640625 0.0265625 0.059375
53 0.5 0.5640625 0.04375 0.0203125
2 0.6484375 0.4640625 0.0265625 0.05625
55 0.840625 0.53125 0.028125 0.0265625
52 0.5015625 0.8015625 0.05 0.0265625
58 0.7890625 0.7046875 0.046875 0.021875
44 0.4546875 0.7046875 0.028125 0.059375
27 0.3109375 0.4640625 0.0265625 0.05625
27 0.3953125 0.4640625 0.0265625 0.05625
31 0.3109375 0.4640625 0.0265625 0.0578125
7 0.39375 0.4640625 0.0265625 0.05625
16 0.084375 0.428125 0.028125 0.0578125
38 0.5046875 0.7 0.028125 0.059375