58 0.5109375 0.803125 0.0546875 0.0265625
58 0.39375 0.31953125 0.034375 0.021875
55 0.3640625 0.359375 0.028125 0.028125
42 0.434375 0.46640625 0.028125 0.0578125
58 0.07890625 0.53671875 0.0453125 0.0234375
58 0.79609375 0.69296875 0.034375 0.021875
58 0.92265625 0.50703125 0.046875 0.0234375
57 0.4953125 0.4125 0.125 0.021875
58 0.79921875 0.3484375 0.04375 0.0234375
44 0.11953125 0.44609375 0.0296875 0.0578125
53 0.50234375 0.5640625 0.0421875 0.0203125
52 0.21640625 0.71484375 0.0453125 0.021875
32 0.25546875 0.62421875 0.0296875 0.0578125
33 0.51875 0.46328125 0.028125 0.059375
28 0.6875 0.4578125 0.0296875 0.0609375
4 0.21015625 0.62109375 0.028125 0.059375
31 0.07265625 0.44296875 0.0296875 0.0578125
29 0.603125 0.46015625 0.0265625 0.059375
4 0.21015625 0.62109375 0.028125 0.059375
58 0.590625 0.3171875 0.046875 0.0234375