55 0.7765625 0.37734375 0.028125 0.028125
58 0.0828125 0.55390625 0.0515625 0.021875
58 0.52109375 0.80390625 0.05625 0.028125
58 0.92109375 0.4953125 0.0515625 0.025
33 0.4390625 0.23203125 0.0296875 0.0546875
47 0.48359375 0.22578125 0.0296875 0.05625
57 0.4953125 0.4125 0.1265625 0.028125
58 0.76953125 0.33984375 0.05 0.0234375
58 0.4875 0.31640625 0.05 0.025
58 0.803125 0.6890625 0.046875 0.025
53 0.5046875 0.5640625 0.04375 0.021875
32 0.39296875 0.47265625 0.0296875 0.05625
27 0.6453125 0.45390625 0.03125 0.059375
35 0.1765625 0.290625 0.03125 0.05625
15 0.221875 0.284375 0.03125 0.0578125
2 0.3078125 0.47890625 0.03125 0.0578125
41 0.47734375 0.46875 0.0328125 0.059375
4 0.56328125 0.4640625 0.0328125 0.0609375
52 0.2265625 0.3765625 0.046875 0.0234375