30 0.509375 0.6984375 0.0328125 0.0609375
57 0.490625 0.41484375 0.11875 0.0265625
43 0.43359375 0.46875 0.0296875 0.05625
55 0.30390625 0.6546875 0.0265625 0.0265625
36 0.559375 0.70078125 0.034375 0.0609375
58 0.91953125 0.49296875 0.0515625 0.025
58 0.08046875 0.5515625 0.0484375 0.025
4 0.79296875 0.5890625 0.028125 0.0515625
47 0.34921875 0.47421875 0.0296875 0.05625
58 0.80234375 0.6828125 0.05 0.025
58 0.22421875 0.72421875 0.0359375 0.0234375
58 0.52109375 0.79921875 0.040625 0.028125
58 0.2125 0.37421875 0.0375 0.025
58 0.4859375 0.31796875 0.0375 0.025
44 0.6859375 0.45078125 0.0296875 0.0578125
53 0.71328125 0.61015625 0.03125 0.0203125
33 0.83984375 0.5890625 0.0296875 0.05
10 0.51796875 0.4625 0.0296875 0.0578125
14 0.6015625 0.45703125 0.0296875 0.05625