0 0.315625 0.44609375 0.034375 0.0625
33 0.8828125 0.47265625 0.0328125 0.0578125
57 0.51015625 0.41484375 0.125 0.03125
52 0.9171875 0.5671875 0.0484375 0.0234375
49 0.39921875 0.4546875 0.0328125 0.059375
53 0.49296875 0.565625 0.04375 0.0265625
55 0.828125 0.5765625 0.028125 0.0265625
52 0.08125 0.478125 0.046875 0.025
52 0.5203125 0.31796875 0.05 0.025
58 0.46796875 0.803125 0.0578125 0.03125
47 0.43203125 0.7 0.0375 0.065625
44 0.48359375 0.70078125 0.034375 0.0640625
24 0.48359375 0.4640625 0.034375 0.0625
9 0.0921875 0.38671875 0.0328125 0.059375
25 0.9296875 0.47421875 0.0328125 0.059375
15 0.046875 0.38515625 0.0375 0.059375