54 0.13046875 0.596875 0.08125 0.08125
54 0.07421875 0.59453125 0.06875 0.0765625
58 0.4890625 0.803125 0.059375 0.0296875
58 0.50625 0.31875 0.053125 0.0234375
58 0.103125 0.665625 0.05 0.0234375
53 0.49921875 0.5640625 0.046875 0.025
58 0.14453125 0.378125 0.0515625 0.0234375
55 0.771875 0.634375 0.0328125 0.0296875
58 0.884375 0.69296875 0.053125 0.0234375
57 0.5046875 0.415625 0.1265625 0.0234375
58 0.86328125 0.4015625 0.0515625 0.0234375
56 0.7875 0.82109375 0.3859375 0.09375
54 0.1171875 0.30546875 0.0734375 0.08125
54 0.1703125 0.30859375 0.0828125 0.0859375
23 0.48125 0.46328125 0.0296875 0.0578125
10 0.3109375 0.459375 0.028125 0.05625
9 0.396875 0.46328125 0.0265625 0.0546875
48 0.44609375 0.70625 0.0328125 0.059375
16 0.49765625 0.703125 0.0296875 0.0609375