0 0.921875 0.46484375 0.03125 0.0578125
48 0.5234375 0.465625 0.0328125 0.0609375
52 0.471875 0.8015625 0.0546875 0.03125
34 0.69140625 0.47890625 0.03125 0.0578125
57 0.50625 0.4125 0.1234375 0.0265625
55 0.8296875 0.56953125 0.03125 0.03125
52 0.915625 0.55703125 0.0453125 0.0234375
52 0.5140625 0.31796875 0.05 0.025
12 0.084375 0.39140625 0.0328125 0.059375
20 0.12890625 0.4 0.034375 0.0578125
53 0.5859375 0.596875 0.046875 0.0234375
26 0.478125 0.69921875 0.0359375 0.0640625
53 0.49453125 0.5640625 0.04375 0.0234375
58 0.0765625 0.48515625 0.05625 0.025
40 0.9671875 0.4703125 0.0328125 0.0546875
19 0.52890625 0.70625 0.0359375 0.065625
27 0.52734375 0.70625 0.0359375 0.0640625
21 0.60703125 0.4734375 0.025 0.0578125