54 0.8640625 0.5875 0.0671875 0.075
56 0.81015625 0.7921875 0.3796875 0.096875
54 0.91875 0.584375 0.0828125 0.0828125
53 0.5109375 0.62578125 0.0421875 0.01875
57 0.4953125 0.4140625 0.1328125 0.0265625
54 0.1546875 0.33359375 0.0828125 0.0828125
55 0.4484375 0.35390625 0.028125 0.028125
58 0.13515625 0.4078125 0.05 0.025
58 0.515625 0.80078125 0.05625 0.03125
53 0.7734375 0.5765625 0.04375 0.021875
58 0.89921875 0.65625 0.05 0.025
54 0.1 0.3375 0.0734375 0.0796875
53 0.73125 0.4015625 0.0421875 0.0203125
58 0.853125 0.36875 0.0515625 0.025
53 0.26015625 0.4265625 0.0453125 0.0203125
58 0.11953125 0.6984375 0.05 0.025
58 0.490625 0.3171875 0.053125 0.0265625
44 0.465625 0.70703125 0.03125 0.0609375
29 0.51484375 0.69921875 0.028125 0.0609375