49 0.4609375 0.69609375 0.0421875 0.06875
12 0.6921875 0.49765625 0.0359375 0.0609375
57 0.51328125 0.41484375 0.125 0.0390625
55 0.53828125 0.65234375 0.03125 0.03125
52 0.90859375 0.59296875 0.0484375 0.028125
52 0.44765625 0.7984375 0.05625 0.034375
53 0.4890625 0.56328125 0.0453125 0.028125
58 0.08046875 0.45 0.0515625 0.0296875
17 0.609375 0.4828125 0.034375 0.059375
37 0.509375 0.7078125 0.0390625 0.0640625
23 0.0953125 0.35703125 0.0390625 0.059375
4 0.5265625 0.46796875 0.0375 0.0640625
36 0.965625 0.5140625 0.0375 0.059375
21 0.9234375 0.5015625 0.0375 0.059375
42 0.13984375 0.36640625 0.0390625 0.059375
21 0.9234375 0.5015625 0.0375 0.059375
1 0.44296875 0.45625 0.034375 0.0609375