57 0.5 0.4140625 0.1265625 0.021875
53 0.50078125 0.5640625 0.0421875 0.01875
55 0.43828125 0.64453125 0.028125 0.0265625
52 0.496875 0.31875 0.0484375 0.0234375
22 0.56484375 0.46484375 0.028125 0.0546875
47 0.9234375 0.42109375 0.0328125 0.0578125
58 0.08046875 0.52890625 0.0515625 0.0234375
58 0.50546875 0.8 0.0265625 0.0265625
58 0.9203125 0.51640625 0.046875 0.0234375
10 0.47890625 0.4640625 0.0296875 0.05625
29 0.31015625 0.4671875 0.028125 0.059375
18 0.39453125 0.4671875 0.0296875 0.0578125
3 0.453125 0.22734375 0.03125 0.05625
2 0.4984375 0.2234375 0.0296875 0.0546875
25 0.64921875 0.46484375 0.025 0.0578125
41 0.875 0.428125 0.025 0.0515625