33 0.4453125 0.23046875 0.0328125 0.0578125
45 0.0328125 0.45859375 0.034375 0.0578125
21 0.0796875 0.453125 0.0296875 0.0609375
13 0.39375 0.47265625 0.0296875 0.0578125
17 0.87421875 0.41484375 0.0296875 0.053125
18 0.92109375 0.409375 0.028125 0.0546875
22 0.478125 0.46796875 0.03125 0.0578125
2 0.5625 0.4640625 0.0296875 0.0578125
47 0.646875 0.459375 0.028125 0.0578125
8 0.4890625 0.2265625 0.03125 0.0609375
32 0.309375 0.47734375 0.0328125 0.0609375
58 0.08359375 0.5484375 0.0375 0.025
58 0.515625 0.80390625 0.0296875 0.0265625
52 0.4921875 0.3203125 0.05 0.025
52 0.92265625 0.503125 0.0515625 0.025
57 0.496875 0.415625 0.1125 0.0265625
53 0.50390625 0.5671875 0.0328125 0.0203125
53 0.4140625 0.596875 0.015625 0.01875
55 0.4484375 0.35703125 0.0328125 0.0328125