57 0.50625 0.4125 0.1140625 0.025
32 0.7421875 0.6265625 0.0328125 0.05625
58 0.484375 0.80078125 0.05625 0.0296875
22 0.39765625 0.45859375 0.0296875 0.05625
52 0.7796875 0.71953125 0.046875 0.021875
19 0.25 0.24921875 0.03125 0.0578125
58 0.08046875 0.5015625 0.0484375 0.025
58 0.24375 0.34296875 0.0375 0.025
40 0.31328125 0.45390625 0.0296875 0.059375
58 0.5109375 0.315625 0.05 0.0265625
55 0.42890625 0.63828125 0.028125 0.0265625
58 0.20078125 0.6890625 0.0515625 0.025
53 0.496875 0.5640625 0.0328125 0.0203125
58 0.78671875 0.36953125 0.0359375 0.0234375
44 0.7875 0.62578125 0.0296875 0.0578125
50 0.48203125 0.46171875 0.0296875 0.05625
33 0.2046875 0.25 0.0296875 0.05625
21 0.2046875 0.2515625 0.0296875 0.0546875