22 0.4015625 0.45 0.034375 0.0609375
57 0.51328125 0.41484375 0.1171875 0.0328125
52 0.91484375 0.57890625 0.05 0.028125
55 0.16484375 0.4953125 0.0328125 0.03125
52 0.4578125 0.7984375 0.05625 0.034375
42 0.425 0.69453125 0.0375 0.0625
58 0.08203125 0.46484375 0.0390625 0.025
58 0.525 0.3203125 0.0296875 0.025
53 0.49140625 0.56328125 0.0359375 0.0265625
24 0.48515625 0.46171875 0.0359375 0.0625
18 0.93125 0.48828125 0.034375 0.0578125
45 0.884375 0.484375 0.034375 0.0578125
8 0.65390625 0.48515625 0.034375 0.0609375
14 0.56875 0.4734375 0.034375 0.059375
1 0.31640625 0.4375 0.034375 0.0625
17 0.4765625 0.7 0.0359375 0.0640625