54 0.121875 0.54765625 0.0890625 0.0890625
54 0.06640625 0.5421875 0.0765625 0.0859375
58 0.0859375 0.61796875 0.053125 0.0296875
55 0.48125 0.3484375 0.0296875 0.028125
54 0.83828125 0.6609375 0.075 0.0828125
54 0.8921875 0.67109375 0.090625 0.090625
58 0.45078125 0.79921875 0.0578125 0.034375
54 0.196875 0.2671875 0.0890625 0.0890625
58 0.8734375 0.4484375 0.053125 0.0296875
58 0.8578125 0.73984375 0.053125 0.028125
54 0.14296875 0.25859375 0.0796875 0.0875
57 0.51484375 0.4171875 0.128125 0.0390625
11 0.4859375 0.4609375 0.0359375 0.0625
58 0.1640625 0.3359375 0.053125 0.0296875
58 0.528125 0.32421875 0.05625 0.0296875
44 0.56875 0.47578125 0.0359375 0.0609375
33 0.40234375 0.45 0.034375 0.0609375
40 0.4234375 0.6953125 0.0375 0.0640625
9 0.3171875 0.4359375 0.03125 0.0625
30 0.4734375 0.7 0.0375 0.0625
18 0.4734375 0.6984375 0.0375 0.0625
15 0.65234375 0.4890625 0.0375 0.0625
53 0.49140625 0.56640625 0.04375 0.028125