34 0.878125 0.4328125 0.0296875 0.053125
53 0.5015625 0.5640625 0.040625 0.01875
57 0.5 0.4140625 0.1265625 0.0171875
47 0.3953125 0.4640625 0.028125 0.059375
55 0.165625 0.5421875 0.0296875 0.0265625
37 0.3109375 0.4640625 0.0234375 0.0546875
52 0.08125 0.521875 0.046875 0.0203125
58 0.5 0.8015625 0.0546875 0.0265625
51 0.5640625 0.4640625 0.0265625 0.05625
58 0.921875 0.5234375 0.059375 0.021875
15 0.4796875 0.465625 0.028125 0.0578125
41 0.0375 0.4328125 0.0296875 0.05625
38 0.65 0.4640625 0.0265625 0.05625
5 0.0828125 0.43125 0.021875 0.05625
7 0.9234375 0.43125 0.025 0.053125