57 0.49375 0.4125 0.128125 0.025
58 0.2203125 0.72265625 0.0515625 0.0265625
53 0.503125 0.565625 0.046875 0.0234375
52 0.18359375 0.38046875 0.0484375 0.025
58 0.3921875 0.32578125 0.053125 0.025
58 0.7984375 0.3484375 0.0515625 0.028125
58 0.078125 0.5453125 0.05625 0.0265625
55 0.79609375 0.3921875 0.028125 0.028125
58 0.91953125 0.503125 0.053125 0.025
53 0.596875 0.5859375 0.0453125 0.021875
58 0.5875 0.3140625 0.053125 0.025
10 0.68671875 0.45390625 0.0296875 0.05625
58 0.79921875 0.6921875 0.025 0.0234375
52 0.5140625 0.8015625 0.05625 0.0296875
16 0.51875 0.46328125 0.0296875 0.0578125
46 0.50625 0.7015625 0.03125 0.0609375
47 0.5578125 0.70078125 0.034375 0.0609375
47 0.5578125 0.70234375 0.0328125 0.0609375
15 0.60234375 0.45859375 0.0296875 0.0578125
24 0.17734375 0.28515625 0.03125 0.05625
25 0.22421875 0.2875 0.0265625 0.053125
30 0.8375 0.25546875 0.0265625 0.0546875
28 0.790625 0.2546875 0.03125 0.05625