34 0.1234375 0.4265625 0.0296875 0.053125
57 0.5 0.4140625 0.125 0.0203125
32 0.60546875 0.4671875 0.03125 0.0578125
35 0.35234375 0.46328125 0.028125 0.0546875
58 0.49453125 0.8046875 0.05625 0.0265625
55 0.56171875 0.64609375 0.028125 0.0265625
52 0.5015625 0.31875 0.0484375 0.0234375
53 0.49765625 0.565625 0.040625 0.01875
58 0.91953125 0.53203125 0.05 0.025
52 0.078125 0.51640625 0.046875 0.0203125
4 0.52109375 0.465625 0.028125 0.059375
35 0.35234375 0.46328125 0.0296875 0.05625
51 0.43671875 0.46484375 0.028125 0.0578125
0 0.0765625 0.42421875 0.0296875 0.05625
46 0.96328125 0.440625 0.0296875 0.0546875
14 0.68984375 0.4671875 0.028125 0.05625
36 0.91796875 0.43828125 0.03125 0.05625