54 0.81484375 0.3109375 0.071875 0.078125
54 0.95234375 0.490625 0.0734375 0.0828125
54 0.8984375 0.484375 0.084375 0.084375
54 0.76015625 0.3078125 0.084375 0.0859375
36 0.68984375 0.48046875 0.0328125 0.059375
58 0.4734375 0.80234375 0.0671875 0.0328125
58 0.77578125 0.3796875 0.0578125 0.028125
55 0.69140625 0.65625 0.0265625 0.0265625
58 0.23359375 0.33359375 0.0578125 0.0265625
58 0.5140625 0.31953125 0.0515625 0.028125
58 0.0796875 0.48515625 0.0640625 0.0265625
58 0.915625 0.55859375 0.0578125 0.0265625
58 0.19296875 0.67890625 0.0609375 0.0265625
58 0.7703125 0.72890625 0.0515625 0.0265625
29 0.60703125 0.4734375 0.0296875 0.059375
37 0.4390625 0.45703125 0.0296875 0.0578125
53 0.49453125 0.5625 0.0421875 0.021875
58 0.5046875 0.58828125 0.01875 0.0265625
27 0.5234375 0.4671875 0.0296875 0.0578125
57 0.50546875 0.415625 0.1265625 0.028125