24 0.3125 0.45859375 0.0328125 0.0609375
20 0.20859375 0.59765625 0.0359375 0.059375
40 0.928125 0.45546875 0.03125 0.0578125
49 0.396875 0.46171875 0.0296875 0.0578125
26 0.565625 0.4703125 0.028125 0.05625
34 0.88125 0.45546875 0.0328125 0.0578125
23 0.4796875 0.46484375 0.03125 0.05625
31 0.16328125 0.6 0.0328125 0.059375
58 0.07890625 0.503125 0.053125 0.028125
58 0.509375 0.321875 0.0375 0.028125
58 0.78671875 0.37421875 0.0421875 0.0234375
58 0.7796875 0.72109375 0.0375 0.0234375
58 0.48515625 0.80625 0.04375 0.0265625
58 0.2 0.69375 0.05 0.025
55 0.28828125 0.63125 0.0296875 0.0296875
57 0.5046875 0.4171875 0.1140625 0.0265625
52 0.91875 0.546875 0.05 0.025