54 0.86328125 0.615625 0.0796875 0.0796875
54 0.91953125 0.61796875 0.0671875 0.0796875
58 0.8875 0.68671875 0.05 0.021875
55 0.22109375 0.6203125 0.0296875 0.028125
58 0.49453125 0.8046875 0.0578125 0.03125
58 0.859375 0.3953125 0.05 0.0234375
58 0.10625 0.67109375 0.05 0.025
57 0.5 0.4140625 0.1265625 0.0203125
58 0.503125 0.31875 0.053125 0.0234375
58 0.14296875 0.3828125 0.0515625 0.0234375
53 0.49921875 0.5640625 0.04375 0.0234375
56 0.19609375 0.80390625 0.384375 0.0875
29 0.68984375 0.4703125 0.028125 0.0578125
45 0.60546875 0.46875 0.025 0.05625
40 0.52109375 0.4671875 0.0265625 0.05625
28 0.54140625 0.70703125 0.03125 0.059375
23 0.49140625 0.7015625 0.03125 0.0609375