2 0.79609375 0.58046875 0.0328125 0.0578125
42 0.953125 0.38359375 0.0296875 0.053125
57 0.490625 0.41328125 0.13125 0.0359375
22 0.1953125 0.29140625 0.0328125 0.0578125
52 0.91875 0.478125 0.046875 0.0234375
23 0.240625 0.28984375 0.0328125 0.0578125
55 0.309375 0.66015625 0.0296875 0.028125
53 0.50546875 0.565625 0.0421875 0.021875
52 0.80859375 0.6734375 0.0484375 0.025
58 0.20859375 0.3859375 0.05 0.0265625
52 0.0828125 0.5640625 0.0484375 0.0265625
53 0.60078125 0.58046875 0.0328125 0.0203125
58 0.53203125 0.8015625 0.059375 0.0328125
53 0.41796875 0.6 0.0296875 0.0203125
58 0.23203125 0.73359375 0.05 0.0265625
58 0.74921875 0.32734375 0.0359375 0.025
58 0.48125 0.31796875 0.0515625 0.0265625
27 0.07109375 0.47265625 0.0375 0.059375
41 0.11640625 0.47109375 0.0328125 0.0578125
48 0.90625 0.38671875 0.0328125 0.059375
26 0.84453125 0.5796875 0.0328125 0.0578125
30 0.84453125 0.5796875 0.0328125 0.0578125
36 0.90546875 0.38515625 0.0328125 0.0578125