28 0.475 0.4671875 0.034375 0.059375
58 0.5421875 0.7984375 0.0703125 0.0359375
57 0.48984375 0.41484375 0.1265625 0.034375
55 0.4359375 0.359375 0.0296875 0.028125
52 0.13984375 0.73046875 0.05 0.0265625
58 0.91171875 0.621875 0.0625 0.0296875
58 0.128125 0.43828125 0.071875 0.03125
53 0.50859375 0.56328125 0.0421875 0.025
30 0.39140625 0.47890625 0.034375 0.059375
58 0.475 0.3203125 0.0625 0.0296875
58 0.840625 0.33984375 0.0625 0.0296875
15 0.3078125 0.4921875 0.034375 0.059375
0 0.90078125 0.52421875 0.0328125 0.0515625
3 0.90078125 0.52421875 0.0328125 0.0515625
22 0.85703125 0.53671875 0.0375 0.0484375