0 0.521875 0.69921875 0.0359375 0.065625
4 0.39296875 0.4734375 0.03125 0.0609375
48 0.31015625 0.48046875 0.0328125 0.059375
57 0.49375 0.4125 0.128125 0.028125
54 0.14375 0.6375 0.084375 0.084375
54 0.0890625 0.64140625 0.0703125 0.078125
3 0.47265625 0.70625 0.0359375 0.0640625
58 0.13203125 0.41796875 0.046875 0.025
58 0.52578125 0.79921875 0.05625 0.03125
53 0.50546875 0.5640625 0.0453125 0.025
58 0.48515625 0.31640625 0.053125 0.0265625
58 0.1265625 0.71171875 0.05 0.0265625
55 0.7859375 0.59921875 0.03125 0.0296875
58 0.9046875 0.64375 0.053125 0.028125
58 0.8484375 0.3546875 0.0515625 0.0265625
7 0.4765625 0.4640625 0.0296875 0.059375