57 0.48515625 0.415625 0.13125 0.0421875
54 0.83203125 0.575 0.090625 0.0875
54 0.778125 0.584375 0.075 0.078125
53 0.7015625 0.5609375 0.0484375 0.0296875
54 0.046875 0.53203125 0.0796875 0.0859375
56 0.825 0.75234375 0.35 0.1421875
54 0.10234375 0.52109375 0.090625 0.090625
58 0.55078125 0.796875 0.059375 0.0375
58 0.09140625 0.59609375 0.053125 0.0296875
58 0.8203125 0.65 0.0484375 0.0296875
58 0.91796875 0.4484375 0.0484375 0.028125
55 0.171875 0.58984375 0.03125 0.0296875
53 0.8140625 0.44453125 0.034375 0.025
30 0.5390625 0.69609375 0.0375 0.0640625
53 0.5109375 0.56328125 0.0359375 0.0234375
41 0.4890625 0.7078125 0.0390625 0.0640625
26 0.5390625 0.69609375 0.0359375 0.0625