54 0.05390625 0.4828125 0.0828125 0.084375
54 0.19609375 0.65625 0.08125 0.0828125
58 0.08046875 0.5515625 0.0578125 0.0265625
58 0.51953125 0.80234375 0.0640625 0.0296875
58 0.7546875 0.33828125 0.05 0.0234375
58 0.22421875 0.72421875 0.0609375 0.025
54 0.10859375 0.47890625 0.0703125 0.08125
58 0.91953125 0.49296875 0.0578125 0.025
54 0.25078125 0.65234375 0.06875 0.0796875
58 0.4875 0.31953125 0.0515625 0.0234375
58 0.2109375 0.37578125 0.0578125 0.0234375
58 0.80234375 0.684375 0.05 0.0234375
55 0.1640625 0.5546875 0.0296875 0.028125
53 0.5046875 0.5640625 0.0421875 0.021875
57 0.4921875 0.4125 0.125 0.025
25 0.6859375 0.45078125 0.03125 0.059375
9 0.51796875 0.4625 0.028125 0.059375
15 0.6015625 0.45703125 0.0296875 0.0578125