57 0.4875 0.41328125 0.1296875 0.034375
54 0.9421875 0.3953125 0.078125 0.0828125
54 0.8859375 0.40234375 0.0875 0.0875
53 0.5078125 0.56171875 0.0453125 0.025
54 0.0546875 0.50234375 0.0859375 0.084375
39 0.6828125 0.43828125 0.034375 0.0625
58 0.53671875 0.79765625 0.0625 0.034375
55 0.58125 0.63359375 0.0328125 0.03125
54 0.1078125 0.49609375 0.0734375 0.0796875
58 0.575 0.3046875 0.053125 0.0296875
58 0.17734375 0.39609375 0.053125 0.0296875
58 0.08515625 0.56953125 0.053125 0.028125
58 0.92109375 0.46875 0.0484375 0.028125
58 0.78828125 0.32265625 0.0546875 0.0296875
53 0.184375 0.546875 0.04375 0.025
58 0.3796875 0.32890625 0.0546875 0.0296875
42 0.59921875 0.4484375 0.0328125 0.059375
43 0.515625 0.46015625 0.0328125 0.0578125