49 0.40078125 0.453125 0.0359375 0.0625
45 0.6515625 0.48828125 0.0359375 0.0625
0 0.3171875 0.44140625 0.0359375 0.059375
20 0.4859375 0.46484375 0.034375 0.0625
48 0.56953125 0.4765625 0.0375 0.059375
55 0.47734375 0.3484375 0.03125 0.0296875
54 0.13828125 0.26796875 0.0796875 0.0875
54 0.19375 0.27578125 0.084375 0.0859375
54 0.840625 0.66015625 0.0765625 0.0859375
54 0.8921875 0.671875 0.0921875 0.0984375
57 0.51328125 0.41640625 0.10625 0.034375
53 0.4921875 0.56640625 0.0234375 0.0234375
58 0.45859375 0.803125 0.0453125 0.03125
58 0.08984375 0.625 0.04375 0.0265625
58 0.1609375 0.3421875 0.040625 0.0265625
58 0.525 0.321875 0.0421875 0.028125
58 0.87109375 0.44140625 0.0375 0.025
58 0.86328125 0.7359375 0.040625 0.0265625