21 0.31328125 0.45234375 0.028125 0.0578125
58 0.4859375 0.8 0.0578125 0.0296875
57 0.50625 0.4125 0.1296875 0.025
58 0.146875 0.36875 0.0515625 0.0234375
58 0.88046875 0.696875 0.053125 0.0265625
58 0.5109375 0.3171875 0.028125 0.0234375
58 0.10078125 0.6578125 0.05 0.0265625
55 0.23125 0.375 0.0296875 0.028125
58 0.86484375 0.4046875 0.0546875 0.0265625
9 0.87265625 0.31328125 0.0265625 0.0578125
53 0.496875 0.5609375 0.0453125 0.021875
8 0.39765625 0.45703125 0.03125 0.059375
19 0.65 0.4703125 0.0296875 0.059375
33 0.82734375 0.3140625 0.028125 0.0546875
41 0.565625 0.465625 0.028125 0.0578125
7 0.65 0.4703125 0.0296875 0.0578125
28 0.44453125 0.69921875 0.034375 0.0609375
7 0.65 0.4703125 0.0296875 0.0578125
51 0.48125 0.46328125 0.0328125 0.0609375
27 0.4921875 0.7015625 0.034375 0.0609375