49 0.49453125 0.6984375 0.034375 0.0640625
15 0.39765625 0.45703125 0.0328125 0.059375
57 0.5078125 0.4125 0.121875 0.0234375
55 0.1640625 0.5234375 0.0296875 0.0296875
52 0.5109375 0.3171875 0.0484375 0.0234375
52 0.07890625 0.4984375 0.046875 0.021875
42 0.48203125 0.46171875 0.0296875 0.0578125
58 0.484375 0.80234375 0.0578125 0.0296875
58 0.91875 0.5453125 0.0609375 0.025
44 0.31328125 0.45390625 0.0296875 0.059375
53 0.4984375 0.5640625 0.04375 0.021875
37 0.44453125 0.69921875 0.03125 0.0609375
41 0.04140625 0.40703125 0.0296875 0.0546875
13 0.08671875 0.4078125 0.0296875 0.059375