6 0.68671875 0.4609375 0.0328125 0.0546875
42 0.55078125 0.70234375 0.0328125 0.05625
10 0.4984375 0.7 0.03125 0.059375
7 0.60390625 0.4640625 0.028125 0.0578125
1 0.51953125 0.465625 0.0265625 0.0578125
54 0.94921875 0.4453125 0.071875 0.0765625
54 0.89453125 0.44609375 0.0859375 0.078125
54 0.4296875 0.25 0.06875 0.078125
54 0.3734375 0.25390625 0.078125 0.0859375
54 0.21796875 0.296875 0.06875 0.0765625
54 0.16484375 0.29609375 0.0796875 0.0796875
54 0.10859375 0.46171875 0.071875 0.078125
54 0.05546875 0.4609375 0.0828125 0.078125
57 0.496875 0.4140625 0.125 0.0203125
55 0.36953125 0.35390625 0.0296875 0.0265625
58 0.3984375 0.3203125 0.05 0.0234375
58 0.18984375 0.36640625 0.053125 0.0265625
58 0.08046875 0.53046875 0.0515625 0.0234375
58 0.21484375 0.7109375 0.0515625 0.0265625
58 0.50546875 0.80625 0.0609375 0.028125
58 0.79296875 0.703125 0.053125 0.025
58 0.9203125 0.51796875 0.0515625 0.0265625
58 0.80234375 0.35703125 0.0578125 0.0234375
58 0.5921875 0.3171875 0.059375 0.0265625
53 0.49921875 0.565625 0.0453125 0.0234375