57 0.4984375 0.4109375 0.1140625 0.0234375
54 0.796875 0.31484375 0.065625 0.065625
55 0.18828125 0.44609375 0.0296875 0.028125
56 0.8046875 0.8015625 0.390625 0.084375
53 0.50703125 0.6265625 0.021875 0.0203125
54 0.8515625 0.3171875 0.08125 0.0734375
58 0.50546875 0.8015625 0.040625 0.0265625
53 0.746875 0.4296875 0.021875 0.0171875
32 0.45859375 0.70390625 0.0328125 0.0578125
58 0.8296875 0.38984375 0.0359375 0.021875
58 0.16875 0.40234375 0.034375 0.021875
53 0.74609375 0.43125 0.021875 0.0171875
40 0.5078125 0.7 0.0296875 0.0609375