57 0.5140625 0.41328125 0.1296875 0.0421875
54 0.06953125 0.38125 0.0890625 0.0890625
54 0.1234375 0.38984375 0.078125 0.0828125
54 0.95390625 0.51953125 0.0765625 0.078125
54 0.8984375 0.509375 0.0875 0.084375
53 0.48984375 0.56328125 0.0265625 0.021875
52 0.91015625 0.58828125 0.0484375 0.025
58 0.24765625 0.31640625 0.0375 0.0265625
58 0.753125 0.75078125 0.05 0.028125
58 0.45078125 0.80078125 0.0421875 0.03125
53 0.6703125 0.621875 0.0265625 0.0234375
58 0.18046875 0.66015625 0.0375 0.025
58 0.528125 0.32109375 0.0390625 0.0265625
53 0.81484375 0.55 0.034375 0.025
53 0.18515625 0.45 0.0328125 0.021875
58 0.08125 0.45859375 0.034375 0.0265625