20 0.47421875 0.46640625 0.0375 0.0609375
4 0.5578125 0.4546875 0.0359375 0.0625
54 0.875 0.38984375 0.075 0.0828125
54 0.9296875 0.378125 0.0890625 0.084375
34 0.390625 0.4796875 0.034375 0.0578125
55 0.16953125 0.590625 0.03125 0.03125
58 0.546875 0.79765625 0.05625 0.0359375
58 0.91875 0.45546875 0.053125 0.0296875
58 0.08984375 0.5875 0.05 0.0296875
56 0.821875 0.75390625 0.35625 0.1328125
53 0.51015625 0.56328125 0.034375 0.025
14 0.5359375 0.696875 0.0375 0.0625
30 0.48515625 0.7078125 0.0375 0.0625
30 0.30546875 0.49296875 0.034375 0.0578125
26 0.48515625 0.7078125 0.0375 0.0609375
57 0.48671875 0.41640625 0.1140625 0.0359375