0 0.30859375 0.484375 0.0328125 0.059375
57 0.49375 0.4125 0.128125 0.0296875
58 0.53125 0.8 0.06875 0.0328125
54 0.4421875 0.2359375 0.0703125 0.05625
54 0.4953125 0.22890625 0.078125 0.05625
55 0.7703125 0.36640625 0.0296875 0.028125
58 0.0859375 0.565625 0.0609375 0.0265625
58 0.22265625 0.384375 0.0578125 0.028125
21 0.47578125 0.46640625 0.0328125 0.0609375
58 0.23359375 0.73359375 0.0515625 0.025
58 0.48125 0.31796875 0.0515625 0.025
58 0.76328125 0.328125 0.0578125 0.028125
58 0.9203125 0.478125 0.0609375 0.028125
29 0.3921875 0.475 0.03125 0.0609375
53 0.50703125 0.5640625 0.04375 0.025