42 0.434375 0.23125 0.0328125 0.05625
53 0.50546875 0.5640625 0.04375 0.0203125
55 0.83671875 0.5125 0.0296875 0.0296875
36 0.31015625 0.48046875 0.0328125 0.0578125
57 0.4953125 0.4140625 0.128125 0.028125
52 0.484375 0.31796875 0.05 0.0265625
35 0.03359375 0.475 0.034375 0.059375
58 0.0828125 0.55703125 0.053125 0.0265625
58 0.5265625 0.80078125 0.028125 0.028125
47 0.47890625 0.22421875 0.0328125 0.05625
58 0.9203125 0.48515625 0.0234375 0.0234375
23 0.559375 0.46328125 0.0328125 0.05625
27 0.4765625 0.465625 0.03125 0.0609375
21 0.39296875 0.475 0.03125 0.059375
15 0.078125 0.46328125 0.034375 0.059375