54 0.21484375 0.5859375 0.0921875 0.090625
55 0.828125 0.59140625 0.034375 0.03125
54 0.1609375 0.578125 0.0796875 0.084375
58 0.44921875 0.7984375 0.04375 0.0296875
58 0.91171875 0.59609375 0.0515625 0.0296875
58 0.1796875 0.653125 0.040625 0.0265625
57 0.51484375 0.415625 0.115625 0.0375
58 0.53359375 0.3203125 0.0390625 0.028125
58 0.79921875 0.40703125 0.0390625 0.028125
58 0.75078125 0.75234375 0.0390625 0.0265625
37 0.31796875 0.4328125 0.0359375 0.0609375
16 0.403125 0.44765625 0.0359375 0.0578125
32 0.4859375 0.4625 0.0359375 0.0609375
29 0.56875 0.47890625 0.0375 0.0640625