57 0.5046875 0.4125 0.128125 0.0234375
54 0.05078125 0.434375 0.071875 0.078125
54 0.10703125 0.4359375 0.08125 0.08125
53 0.49765625 0.5625 0.04375 0.021875
54 0.94375 0.4640625 0.08125 0.078125
39 0.3125 0.4546875 0.028125 0.0609375
58 0.48984375 0.8 0.0609375 0.028125
55 0.43125 0.63984375 0.03125 0.0296875
54 0.890625 0.46171875 0.06875 0.0734375
58 0.4078125 0.3125 0.0515625 0.025
58 0.8125 0.36875 0.0515625 0.025
58 0.91953125 0.53359375 0.0515625 0.0234375
58 0.07734375 0.50546875 0.046875 0.0234375
58 0.19765625 0.3484375 0.053125 0.025
53 0.81796875 0.51875 0.0421875 0.021875
58 0.6046875 0.31953125 0.053125 0.025
42 0.396875 0.45703125 0.028125 0.0578125
43 0.48125 0.46171875 0.028125 0.05625