31 0.87890625 0.4375 0.03125 0.05625
22 0.39609375 0.4625 0.028125 0.05625
57 0.503125 0.4125 0.13125 0.01875
19 0.19453125 0.26171875 0.0296875 0.0546875
51 0.31171875 0.459375 0.03125 0.0578125
52 0.92109375 0.52890625 0.0484375 0.021875
58 0.49453125 0.803125 0.065625 0.028125
58 0.23671875 0.353125 0.0484375 0.0234375
55 0.784375 0.4 0.025 0.025
58 0.08125 0.51484375 0.0578125 0.0234375
58 0.20703125 0.7015625 0.05 0.0234375
58 0.503125 0.31875 0.0484375 0.0265625
58 0.78515625 0.709375 0.0578125 0.0234375
58 0.78203125 0.3609375 0.0546875 0.0234375
18 0.24296875 0.259375 0.028125 0.05
53 0.49921875 0.565625 0.05 0.021875
49 0.92421875 0.43828125 0.0265625 0.053125
1 0.48046875 0.4640625 0.0265625 0.059375
29 0.92421875 0.43828125 0.0265625 0.053125