58 0.13515625 0.40625 0.053125 0.025
58 0.5171875 0.80078125 0.0578125 0.03125
55 0.76875 0.375 0.03125 0.0296875
57 0.4984375 0.4125 0.1265625 0.0265625
56 0.8078125 0.79296875 0.384375 0.1015625
58 0.90078125 0.65703125 0.053125 0.0296875
58 0.853125 0.36875 0.053125 0.0265625
58 0.11953125 0.696875 0.0515625 0.021875
58 0.490625 0.3171875 0.0296875 0.025
53 0.5046875 0.5625 0.0453125 0.025
54 0.87265625 0.29765625 0.0859375 0.084375
54 0.81953125 0.3 0.0765625 0.08125
28 0.309375 0.47421875 0.03125 0.059375
45 0.39375 0.46796875 0.0296875 0.059375
25 0.478125 0.46484375 0.0296875 0.0609375
39 0.465625 0.70546875 0.034375 0.0609375
38 0.51484375 0.69765625 0.0328125 0.0640625