2 0.2015625 0.5703125 0.034375 0.0578125
42 0.0515625 0.3671875 0.03125 0.0546875
57 0.5125 0.41328125 0.13125 0.0390625
22 0.81171875 0.30234375 0.034375 0.0578125
52 0.08203125 0.46328125 0.046875 0.025
23 0.76640625 0.29921875 0.034375 0.0578125
55 0.68515625 0.66640625 0.0296875 0.028125
53 0.4921875 0.56484375 0.0421875 0.0234375
52 0.18515625 0.6625 0.05 0.0265625
58 0.7953125 0.39609375 0.0515625 0.028125
52 0.91484375 0.57890625 0.05 0.028125
53 0.39609375 0.5765625 0.0328125 0.021875
58 0.4578125 0.8 0.059375 0.034375
53 0.57890625 0.60234375 0.0296875 0.0203125
58 0.759375 0.74296875 0.0515625 0.028125
58 0.25703125 0.31875 0.0375 0.0265625
58 0.52578125 0.31875 0.053125 0.028125
27 0.9296875 0.4875 0.0390625 0.059375
41 0.884375 0.484375 0.034375 0.0578125
48 0.0984375 0.37265625 0.034375 0.059375
26 0.153125 0.56796875 0.034375 0.0578125
30 0.153125 0.56796875 0.034375 0.0578125
36 0.0984375 0.37109375 0.034375 0.0578125