49 0.81484375 0.28359375 0.0296875 0.05625
18 0.521875 0.46484375 0.0296875 0.0578125
57 0.5046875 0.4125 0.128125 0.0265625
50 0.690625 0.47265625 0.0296875 0.0578125
53 0.5875 0.59375 0.04375 0.0203125
53 0.496875 0.5640625 0.0421875 0.0203125
52 0.409375 0.3125 0.05 0.025
58 0.484375 0.80234375 0.05625 0.0296875
55 0.6375 0.35703125 0.028125 0.028125
52 0.81171875 0.37734375 0.046875 0.021875
53 0.403125 0.584375 0.03125 0.01875
22 0.43828125 0.4609375 0.0296875 0.05625
58 0.9171875 0.54375 0.05 0.025
58 0.07890625 0.5 0.05 0.025
51 0.86171875 0.2875 0.0328125 0.0609375
38 0.35390625 0.45625 0.0296875 0.0578125
52 0.60625 0.32265625 0.046875 0.021875
26 0.60625 0.46953125 0.03125 0.05625
42 0.12578125 0.41328125 0.0296875 0.05625
44 0.609375 0.23046875 0.0296875 0.05625
27 0.41171875 0.21875 0.03125 0.05625
44 0.609375 0.23046875 0.0296875 0.05625
27 0.41328125 0.21875 0.0296875 0.05625
29 0.459375 0.22578125 0.028125 0.05625
40 0.6546875 0.234375 0.03125 0.05625
14 0.07890625 0.409375 0.0296875 0.05625