31 0.52890625 0.7078125 0.0359375 0.065625
57 0.5078125 0.4140625 0.115625 0.0296875
58 0.4734375 0.80234375 0.05625 0.03125
58 0.76875 0.72890625 0.0609375 0.0265625
53 0.49453125 0.5640625 0.0328125 0.021875
58 0.77578125 0.3796875 0.05625 0.0265625
55 0.159375 0.5015625 0.03125 0.03125
58 0.9171875 0.55859375 0.0515625 0.0265625
58 0.19453125 0.67890625 0.059375 0.0265625
58 0.515625 0.31953125 0.0578125 0.0265625
58 0.23359375 0.33359375 0.05625 0.0265625
58 0.0796875 0.48515625 0.05 0.0265625
4 0.478125 0.7 0.0328125 0.0625