57 0.4859375 0.41171875 0.115625 0.0390625
54 0.17578125 0.36953125 0.0734375 0.0734375
55 0.79765625 0.39296875 0.034375 0.0328125
56 0.2515625 0.85078125 0.396875 0.1375
53 0.51484375 0.62578125 0.025 0.0234375
54 0.121875 0.38125 0.090625 0.0828125
58 0.546875 0.79765625 0.04375 0.0328125
53 0.24453125 0.47421875 0.025 0.0203125
32 0.5765625 0.69375 0.040625 0.0625
58 0.15625 0.4484375 0.0390625 0.0265625
58 0.809375 0.346875 0.0375 0.0265625
53 0.24609375 0.475 0.025 0.0203125
40 0.5265625 0.6984375 0.0375 0.0640625