57 0.5125 0.41328125 0.115625 0.0328125
52 0.52734375 0.31953125 0.05 0.028125
58 0.45078125 0.79921875 0.059375 0.034375
54 0.95390625 0.52265625 0.078125 0.0828125
55 0.8234375 0.59375 0.0359375 0.034375
54 0.89921875 0.5140625 0.0890625 0.0890625
54 0.06953125 0.3828125 0.0921875 0.0921875
54 0.121875 0.39140625 0.0796875 0.0828125
53 0.47734375 0.62421875 0.03125 0.021875
53 0.18671875 0.45859375 0.034375 0.0265625
58 0.08125 0.45703125 0.0625 0.0296875
58 0.91171875 0.5875 0.0546875 0.03125
13 0.4640625 0.696875 0.0390625 0.065625
15 0.51328125 0.7078125 0.040625 0.0625