55 0.22890625 0.3796875 0.0296875 0.0296875
58 0.4875 0.803125 0.0578125 0.028125
54 0.91953125 0.62421875 0.0671875 0.075
58 0.8828125 0.69296875 0.05 0.021875
54 0.86171875 0.61875 0.08125 0.078125
53 0.49765625 0.565625 0.04375 0.0234375
58 0.5046875 0.31875 0.0265625 0.0234375
57 0.5015625 0.4140625 0.1234375 0.025
58 0.86328125 0.403125 0.053125 0.025
58 0.103125 0.665625 0.05 0.0234375
58 0.14453125 0.3765625 0.05 0.0234375
54 0.8953125 0.3328125 0.0734375 0.08125
54 0.8421875 0.33046875 0.0828125 0.084375
40 0.68984375 0.471875 0.0265625 0.0640625
43 0.60546875 0.47265625 0.0265625 0.0609375
33 0.52109375 0.46796875 0.028125 0.0578125
22 0.53984375 0.7078125 0.0296875 0.0609375
4 0.48828125 0.703125 0.0328125 0.0625