52 0.078125 0.471875 0.0484375 0.0265625
55 0.56171875 0.3578125 0.0296875 0.028125
57 0.50859375 0.41484375 0.1140625 0.03125
58 0.4625 0.80234375 0.0296875 0.025
58 0.521875 0.3203125 0.0390625 0.0265625
58 0.9140625 0.57421875 0.0375 0.0265625
35 0.69140625 0.490625 0.034375 0.059375
1 0.60859375 0.47734375 0.0296875 0.059375
24 0.52421875 0.46953125 0.0328125 0.059375
0 0.4390625 0.459375 0.034375 0.059375
22 0.35703125 0.44921875 0.0328125 0.0609375
38 0.1328125 0.3890625 0.0328125 0.0578125
13 0.08671875 0.3796875 0.0296875 0.059375
53 0.4921875 0.56640625 0.03125 0.0234375