28 0.4796875 0.4640625 0.0265625 0.05625
58 0.5 0.8015625 0.0671875 0.0265625
57 0.5015625 0.4140625 0.125 0.0171875
55 0.45625 0.3515625 0.0265625 0.025
52 0.1109375 0.678125 0.046875 0.0203125
58 0.890625 0.678125 0.059375 0.021875
58 0.140625 0.3875 0.06875 0.021875
53 0.5 0.5640625 0.040625 0.01875
30 0.3953125 0.4640625 0.0265625 0.05625
58 0.5 0.31875 0.059375 0.021875
58 0.859375 0.3890625 0.059375 0.021875
15 0.3109375 0.465625 0.0265625 0.05625
0 0.89375 0.5796875 0.0265625 0.0484375
3 0.89375 0.5796875 0.0265625 0.0484375
22 0.8484375 0.5859375 0.03125 0.04375