32 0.5765625 0.6953125 0.040625 0.0671875
0 0.5140625 0.4609375 0.0375 0.0625
57 0.48515625 0.415625 0.128125 0.0390625
53 0.60546875 0.575 0.034375 0.025
52 0.46953125 0.31953125 0.05 0.028125
52 0.54609375 0.8 0.0546875 0.0328125
44 0.59765625 0.45 0.0359375 0.0609375
52 0.08671875 0.5890625 0.05 0.028125
55 0.83671875 0.4890625 0.0328125 0.0328125
53 0.51015625 0.56328125 0.0453125 0.028125
29 0.6828125 0.434375 0.0359375 0.0625
22 0.90078125 0.365625 0.0359375 0.059375
58 0.9203125 0.45703125 0.053125 0.028125
51 0.43125 0.47421875 0.0375 0.0609375
38 0.94609375 0.3609375 0.034375 0.0578125
6 0.06875 0.4953125 0.0375 0.0609375
15 0.11640625 0.49296875 0.0390625 0.059375
46 0.5265625 0.6984375 0.0390625 0.0640625
50 0.34609375 0.48828125 0.034375 0.059375