55 0.45625 0.35 0.0265625 0.0265625
54 0.1328125 0.6078125 0.078125 0.078125
54 0.8828125 0.315625 0.0796875 0.08125
54 0.5234375 0.246875 0.08125 0.078125
54 0.9140625 0.609375 0.0796875 0.084375
54 0.859375 0.60625 0.065625 0.075
54 0.109375 0.3171875 0.06875 0.075
54 0.46875 0.246875 0.065625 0.075
54 0.1640625 0.315625 0.078125 0.078125
54 0.0796875 0.6078125 0.0671875 0.0765625
58 0.5015625 0.8 0.040625 0.0265625
57 0.5015625 0.4125 0.115625 0.021875
58 0.5015625 0.3171875 0.0359375 0.021875
58 0.1421875 0.3875 0.034375 0.021875
54 0.83125 0.3171875 0.06875 0.0765625
53 0.7390625 0.4140625 0.01875 0.015625
52 0.1109375 0.678125 0.046875 0.01875
58 0.8921875 0.678125 0.0359375 0.0203125
58 0.859375 0.3875 0.0359375 0.021875
53 0.7703125 0.590625 0.0203125 0.0171875
53 0.2296875 0.590625 0.0296875 0.0171875
53 0.503125 0.625 0.021875 0.01875
41 0.453125 0.703125 0.03125 0.0546875