12 0.56875 0.4734375 0.034375 0.0625
4 0.4015625 0.45 0.034375 0.0609375
57 0.5140625 0.41171875 0.128125 0.0359375
58 0.45859375 0.796875 0.059375 0.034375
7 0.48515625 0.46015625 0.034375 0.0609375
53 0.49140625 0.56328125 0.046875 0.028125
58 0.91484375 0.57890625 0.0546875 0.028125
58 0.82265625 0.4046875 0.0515625 0.03125
55 0.15546875 0.49140625 0.0296875 0.0296875
58 0.4296875 0.30546875 0.053125 0.028125
58 0.759375 0.74140625 0.0515625 0.028125
58 0.18359375 0.6609375 0.053125 0.028125
58 0.62265625 0.3328125 0.0546875 0.028125
58 0.21484375 0.31953125 0.0546875 0.03125
58 0.0828125 0.46171875 0.053125 0.028125
30 0.47734375 0.69375 0.034375 0.05625
33 0.42578125 0.69140625 0.0328125 0.053125
30 0.65078125 0.48515625 0.0296875 0.0578125
10 0.31640625 0.43671875 0.0328125 0.0578125
29 0.65234375 0.48515625 0.03125 0.0578125