12 0.43203125 0.475 0.0359375 0.0625
9 0.515625 0.46328125 0.0328125 0.0609375
54 0.2078125 0.6765625 0.0890625 0.0890625
54 0.05390625 0.5140625 0.0890625 0.0890625
54 0.26328125 0.66875 0.0734375 0.0828125
54 0.1078125 0.50625 0.075 0.0828125
57 0.48671875 0.41484375 0.1265625 0.0359375
58 0.540625 0.80078125 0.0640625 0.0359375
58 0.2421875 0.74296875 0.0609375 0.0296875
58 0.08671875 0.58046875 0.0625 0.0296875
55 0.1671875 0.578125 0.034375 0.0328125
58 0.91796875 0.46328125 0.0609375 0.03125
58 0.74296875 0.321875 0.0515625 0.0296875
58 0.81484375 0.6625 0.053125 0.0296875
58 0.203125 0.396875 0.059375 0.0296875
58 0.4734375 0.32109375 0.053125 0.0296875
19 0.5984375 0.45 0.034375 0.0609375
25 0.68203125 0.43828125 0.0328125 0.0609375
25 0.68359375 0.4375 0.0328125 0.0609375
15 0.5984375 0.45 0.034375 0.0609375
53 0.50859375 0.56328125 0.046875 0.0265625