55 0.4640625 0.34765625 0.028125 0.028125
54 0.12734375 0.58828125 0.0828125 0.0828125
54 0.8921875 0.3359375 0.084375 0.0859375
54 0.53671875 0.2484375 0.0859375 0.0828125
54 0.9078125 0.63125 0.084375 0.0890625
54 0.853125 0.625 0.06875 0.078125
54 0.11953125 0.296875 0.071875 0.078125
54 0.48203125 0.2453125 0.06875 0.078125
54 0.17421875 0.2984375 0.0828125 0.0828125
54 0.075 0.5859375 0.071875 0.0796875
58 0.4859375 0.8 0.0421875 0.028125
57 0.50625 0.4125 0.1171875 0.028125
58 0.5109375 0.3171875 0.0375 0.0234375
58 0.1484375 0.36875 0.0359375 0.0234375
54 0.840625 0.33515625 0.0734375 0.0796875
53 0.74296875 0.4265625 0.0203125 0.0171875
52 0.10234375 0.6578125 0.0484375 0.021875
58 0.88203125 0.6984375 0.0375 0.021875
58 0.86484375 0.40625 0.0375 0.0234375
53 0.76484375 0.6046875 0.021875 0.01875
53 0.225 0.5765625 0.03125 0.01875
53 0.496875 0.625 0.0234375 0.0203125
41 0.4421875 0.70078125 0.034375 0.05625