49 0.17109375 0.30625 0.0328125 0.0578125
18 0.47578125 0.4671875 0.0328125 0.059375
57 0.4890625 0.41328125 0.128125 0.0359375
50 0.3078125 0.4859375 0.0328125 0.059375
53 0.41953125 0.6 0.04375 0.0234375
53 0.5078125 0.56328125 0.0421875 0.0234375
52 0.57734375 0.30625 0.05 0.028125
58 0.53671875 0.80078125 0.0578125 0.0328125
55 0.353125 0.3671875 0.0296875 0.0296875
52 0.18046875 0.39921875 0.046875 0.025
53 0.60234375 0.57734375 0.03125 0.0203125
22 0.559375 0.45625 0.0328125 0.0578125
58 0.08671875 0.57265625 0.05 0.028125
58 0.91953125 0.4703125 0.05 0.028125
51 0.12421875 0.31328125 0.0359375 0.0625
38 0.64296875 0.44609375 0.0328125 0.059375
52 0.38125 0.33046875 0.046875 0.025
26 0.39140625 0.47734375 0.034375 0.0578125
42 0.8671875 0.3875 0.0328125 0.0578125
44 0.371875 0.23828125 0.0328125 0.0578125
27 0.56875 0.21328125 0.034375 0.0578125
44 0.371875 0.23828125 0.0328125 0.0578125
27 0.5671875 0.21328125 0.0328125 0.0578125
29 0.52109375 0.2234375 0.03125 0.0578125
40 0.32734375 0.24609375 0.034375 0.0578125
14 0.91328125 0.3796875 0.0328125 0.0578125