54 0.19765625 0.65546875 0.084375 0.0828125
54 0.25234375 0.65390625 0.0703125 0.078125
55 0.1640625 0.55625 0.03125 0.028125
54 0.10859375 0.47890625 0.071875 0.078125
54 0.05390625 0.484375 0.0828125 0.0828125
58 0.51953125 0.80234375 0.0421875 0.0265625
58 0.803125 0.6859375 0.0515625 0.025
58 0.08046875 0.553125 0.0375 0.025
58 0.22421875 0.72421875 0.0359375 0.0234375
58 0.4859375 0.31796875 0.0375 0.025
57 0.490625 0.41640625 0.1171875 0.0296875
58 0.2125 0.37578125 0.0375 0.025
53 0.31953125 0.6078125 0.025 0.0234375
53 0.50390625 0.6234375 0.021875 0.0265625
28 0.5609375 0.70234375 0.03125 0.059375
3 0.509375 0.703125 0.034375 0.0578125
53 0.503125 0.56875 0.01875 0.01875