57 0.5 0.4140625 0.115625 0.021875
54 0.9453125 0.4515625 0.08125 0.0765625
54 0.1046875 0.45 0.078125 0.078125
54 0.0484375 0.4515625 0.06875 0.0734375
53 0.8140625 0.5078125 0.021875 0.0171875
54 0.8890625 0.45 0.065625 0.0734375
26 0.5046875 0.7 0.0296875 0.059375
55 0.165625 0.540625 0.028125 0.0265625
52 0.08125 0.5203125 0.0453125 0.01875
52 0.5015625 0.8015625 0.0515625 0.0265625
53 0.184375 0.5078125 0.03125 0.01875
58 0.503125 0.3171875 0.0328125 0.021875
58 0.9234375 0.521875 0.03125 0.021875
53 0.5046875 0.38125 0.021875 0.0203125
53 0.503125 0.625 0.021875 0.01875
53 0.5046875 0.38125 0.01875 0.021875
26 0.453125 0.703125 0.03125 0.059375
25 0.453125 0.703125 0.0296875 0.059375