43 0.31171875 0.4625 0.03125 0.0578125
11 0.56484375 0.46953125 0.0296875 0.059375
31 0.50078125 0.703125 0.0328125 0.0640625
42 0.39609375 0.4640625 0.028125 0.059375
25 0.47890625 0.4671875 0.0234375 0.0578125
32 0.45078125 0.70703125 0.0328125 0.0640625
54 0.375 0.24921875 0.0703125 0.08125
54 0.43125 0.25 0.08125 0.0859375
55 0.83984375 0.5484375 0.028125 0.0296875
57 0.503125 0.4171875 0.128125 0.021875
53 0.5 0.5671875 0.04375 0.021875
58 0.49453125 0.80625 0.0609375 0.0296875
58 0.20703125 0.703125 0.053125 0.028125
58 0.0796875 0.51796875 0.0296875 0.0234375
58 0.19765625 0.36015625 0.0546875 0.0265625
58 0.4046875 0.31875 0.05625 0.025
58 0.6 0.3203125 0.0546875 0.025
58 0.81015625 0.36953125 0.0265625 0.025
58 0.91953125 0.53359375 0.053125 0.0296875
58 0.78671875 0.7109375 0.053125 0.028125