12 0.43671875 0.4609375 0.03125 0.0609375
57 0.5046875 0.4125 0.1359375 0.0265625
30 0.353125 0.45234375 0.0296875 0.0578125
55 0.284375 0.62421875 0.028125 0.025
52 0.47734375 0.80078125 0.0546875 0.0296875
58 0.775 0.375 0.0609375 0.0265625
58 0.91796875 0.55078125 0.05 0.025
58 0.07890625 0.4921875 0.0625 0.025
58 0.19609375 0.68203125 0.0609375 0.0265625
58 0.5109375 0.3171875 0.0484375 0.0234375
58 0.2328125 0.3375 0.0640625 0.028125
58 0.77421875 0.72421875 0.0515625 0.025
53 0.4953125 0.5640625 0.053125 0.0234375
49 0.69140625 0.47578125 0.0296875 0.0609375
14 0.60703125 0.47109375 0.0328125 0.059375
25 0.52265625 0.465625 0.0296875 0.059375
45 0.5328125 0.70625 0.0328125 0.0609375
57 0.4875 0.65546875 0.0484375 0.021875
23 0.24609375 0.596875 0.03125 0.05625
21 0.4828125 0.70078125 0.0328125 0.0609375
18 0.19921875 0.59140625 0.028125 0.0546875