14 0.31875 0.43984375 0.0390625 0.059375
45 0.4859375 0.46640625 0.034375 0.0609375
19 0.56953125 0.478125 0.0390625 0.0625
4 0.40078125 0.4546875 0.0359375 0.0625
44 0.653125 0.48671875 0.0359375 0.0609375
57 0.51328125 0.41796875 0.1140625 0.0375
58 0.525 0.321875 0.040625 0.025
58 0.18515625 0.665625 0.0515625 0.03125
58 0.45703125 0.803125 0.04375 0.0296875
58 0.76171875 0.746875 0.040625 0.0234375
58 0.796875 0.4 0.0421875 0.025
58 0.9140625 0.58515625 0.053125 0.0296875
55 0.27734375 0.6140625 0.0328125 0.03125
53 0.6921875 0.6578125 0.0359375 0.025