9 0.39375 0.465625 0.0234375 0.0578125
57 0.503125 0.4109375 0.1265625 0.021875
54 0.5671875 0.246875 0.065625 0.075
54 0.8140625 0.63125 0.0765625 0.078125
54 0.1046875 0.45 0.078125 0.0765625
54 0.178125 0.6296875 0.0625 0.0671875
54 0.05 0.45 0.065625 0.0734375
54 0.621875 0.2453125 0.0765625 0.078125
54 0.371875 0.2453125 0.0640625 0.0734375
54 0.4265625 0.2453125 0.078125 0.0765625
49 0.3109375 0.4625 0.0265625 0.0546875
54 0.7578125 0.63125 0.0625 0.071875
54 0.2328125 0.6296875 0.0765625 0.071875
34 0.4796875 0.4625 0.0265625 0.05625
54 0.7765625 0.2890625 0.065625 0.0734375
54 0.83125 0.2890625 0.0796875 0.078125
58 0.5 0.8 0.0578125 0.0265625
58 0.08125 0.5203125 0.0484375 0.021875
53 0.5 0.5640625 0.04375 0.021875
58 0.80625 0.3609375 0.0484375 0.025
58 0.5984375 0.3171875 0.0515625 0.021875
58 0.790625 0.70625 0.05 0.021875
58 0.403125 0.315625 0.0515625 0.021875
55 0.4359375 0.6421875 0.0265625 0.0265625
58 0.2109375 0.7046875 0.05 0.021875
58 0.1921875 0.3609375 0.05 0.021875
58 0.921875 0.521875 0.0234375 0.021875