22 0.60390625 0.4625 0.028125 0.05625
31 0.12109375 0.4375 0.03125 0.05625
4 0.43515625 0.46640625 0.028125 0.059375
19 0.80546875 0.26171875 0.0296875 0.0546875
1 0.51953125 0.4640625 0.0265625 0.059375
52 0.07890625 0.52890625 0.046875 0.021875
51 0.68828125 0.459375 0.0296875 0.0578125
57 0.4984375 0.4125 0.134375 0.01875
58 0.50546875 0.803125 0.065625 0.028125
58 0.76328125 0.353125 0.0484375 0.025
58 0.91875 0.51484375 0.0578125 0.0234375
55 0.215625 0.4 0.025 0.025
58 0.4953125 0.31875 0.05 0.0234375
58 0.79453125 0.69921875 0.0484375 0.025
58 0.21328125 0.709375 0.059375 0.021875
48 0.34921875 0.46640625 0.0296875 0.0578125
58 0.21640625 0.3609375 0.053125 0.021875
58 0.21953125 0.3625 0.053125 0.0234375
53 0.50078125 0.5640625 0.05 0.021875
49 0.07578125 0.43671875 0.0265625 0.053125
18 0.75859375 0.259375 0.0265625 0.0515625
29 0.07578125 0.43828125 0.0265625 0.053125