57 0.5015625 0.415625 0.1234375 0.0171875
55 0.4359375 0.6453125 0.0265625 0.0265625
18 0.4796875 0.465625 0.0265625 0.05625
27 0.3109375 0.4640625 0.0265625 0.05625
53 0.5 0.5671875 0.0421875 0.01875
19 0.3953125 0.465625 0.0265625 0.059375
52 0.5 0.8046875 0.0515625 0.0265625
58 0.921875 0.525 0.0484375 0.0203125
49 0.5640625 0.465625 0.028125 0.0578125
6 0.925 0.4296875 0.0296875 0.05625
33 0.4546875 0.70625 0.0296875 0.0609375
58 0.0796875 0.525 0.05 0.0234375
14 0.5046875 0.7015625 0.028125 0.0609375
25 0.6484375 0.465625 0.0265625 0.0578125
9 0.878125 0.4328125 0.028125 0.0546875
25 0.878125 0.4328125 0.028125 0.0546875
5 0.878125 0.4328125 0.028125 0.0546875