6 0.309375 0.496875 0.040625 0.059375
42 0.4890625 0.7078125 0.040625 0.0609375
10 0.5390625 0.69609375 0.0390625 0.0640625
7 0.390625 0.484375 0.0359375 0.0609375
1 0.47421875 0.46953125 0.034375 0.0609375
54 0.0484375 0.53203125 0.0828125 0.0859375
54 0.10234375 0.52265625 0.096875 0.090625
54 0.52109375 0.240625 0.0796875 0.0875
54 0.5765625 0.234375 0.090625 0.096875
54 0.7375 0.246875 0.0796875 0.0859375
54 0.78984375 0.2359375 0.090625 0.090625
54 0.8765625 0.3875 0.0828125 0.0875
54 0.92890625 0.3765625 0.09375 0.0890625
57 0.48671875 0.41484375 0.1265625 0.040625
55 0.60078125 0.33125 0.034375 0.03125
58 0.565625 0.3046875 0.053125 0.0296875
58 0.77890625 0.309375 0.05625 0.034375
58 0.91796875 0.45 0.0546875 0.03125
58 0.8203125 0.653125 0.0546875 0.0328125
58 0.553125 0.8015625 0.0640625 0.0375
58 0.2515625 0.7546875 0.05625 0.0328125
58 0.090625 0.59765625 0.0546875 0.0328125
58 0.17578125 0.4171875 0.0609375 0.03125
58 0.375 0.33828125 0.0625 0.034375
53 0.51328125 0.5640625 0.0484375 0.0296875