57 0.503125 0.4140625 0.125 0.01875
54 0.109375 0.3171875 0.06875 0.0765625
54 0.1640625 0.315625 0.078125 0.078125
53 0.5 0.5640625 0.0421875 0.021875
55 0.4359375 0.6453125 0.0265625 0.0265625
58 0.5 0.803125 0.0546875 0.0265625
21 0.309375 0.4640625 0.025 0.05625
58 0.5 0.31875 0.05 0.025
58 0.890625 0.6765625 0.0515625 0.021875
58 0.140625 0.3890625 0.0515625 0.025
58 0.109375 0.678125 0.05 0.0234375
58 0.859375 0.3859375 0.05 0.021875
34 0.3953125 0.4640625 0.0265625 0.05625
1 0.4796875 0.4640625 0.0265625 0.0578125
46 0.453125 0.70625 0.0328125 0.0578125
39 0.503125 0.703125 0.028125 0.059375