57 0.5046875 0.4125 0.1328125 0.028125
58 0.47890625 0.80234375 0.0671875 0.0328125
58 0.775 0.375 0.0609375 0.028125
34 0.60703125 0.47109375 0.0296875 0.0578125
58 0.07890625 0.4921875 0.0640625 0.025
1 0.69296875 0.47734375 0.0296875 0.0609375
52 0.77421875 0.72421875 0.0484375 0.0234375
58 0.2328125 0.3390625 0.0484375 0.025
58 0.91640625 0.55234375 0.0609375 0.0296875
58 0.19765625 0.6828125 0.0609375 0.0265625
58 0.5125 0.31953125 0.05 0.0265625
45 0.82421875 0.63828125 0.0296875 0.05625
38 0.8234375 0.2875 0.028125 0.05625
55 0.7890625 0.415625 0.0296875 0.0265625
48 0.77734375 0.63203125 0.03125 0.05625
53 0.4953125 0.5640625 0.0515625 0.0234375
36 0.52265625 0.465625 0.03125 0.059375
55 0.15234375 0.63515625 0.03125 0.021875
44 0.77734375 0.63203125 0.03125 0.059375
26 0.778125 0.284375 0.028125 0.0546875