0 0.53046875 0.69765625 0.0421875 0.0671875
4 0.596875 0.44609375 0.0359375 0.0625
48 0.678125 0.43203125 0.0375 0.0625
57 0.48359375 0.4140625 0.128125 0.0390625
54 0.8796875 0.540625 0.090625 0.090625
54 0.93359375 0.5296875 0.0765625 0.0828125
3 0.5796875 0.6921875 0.040625 0.065625
58 0.834375 0.325 0.0484375 0.0296875
58 0.55234375 0.7953125 0.0578125 0.0359375
53 0.5109375 0.56328125 0.046875 0.0296875
58 0.46640625 0.31875 0.0546875 0.03125
58 0.915625 0.6078125 0.0515625 0.0296875
55 0.24921875 0.66953125 0.034375 0.03125
58 0.14609375 0.74296875 0.0546875 0.0328125
58 0.1265625 0.45 0.053125 0.0296875
7 0.51328125 0.459375 0.034375 0.0609375