54 0.2359375 0.2453125 0.075 0.08125
54 0.0609375 0.3890625 0.0765625 0.0859375
54 0.115625 0.3953125 0.0875 0.0875
54 0.28984375 0.2546875 0.0890625 0.0890625
36 0.31953125 0.43828125 0.0359375 0.0609375
58 0.4578125 0.8 0.06875 0.0359375
58 0.25859375 0.32109375 0.059375 0.03125
55 0.278125 0.609375 0.028125 0.028125
58 0.796875 0.3984375 0.059375 0.0296875
58 0.5265625 0.32109375 0.053125 0.0296875
58 0.91328125 0.58046875 0.065625 0.0296875
58 0.08203125 0.46328125 0.059375 0.0296875
58 0.759375 0.74296875 0.0625 0.0296875
58 0.18515625 0.6625 0.053125 0.028125
29 0.4015625 0.45 0.0328125 0.0609375
37 0.56875 0.471875 0.0328125 0.059375
53 0.49140625 0.56171875 0.0421875 0.025
58 0.47578125 0.58515625 0.0203125 0.0265625
27 0.484375 0.46328125 0.0328125 0.059375
57 0.51328125 0.41640625 0.1265625 0.034375