33 0.4546875 0.22890625 0.03125 0.05625
45 0.03515625 0.4421875 0.0328125 0.05625
21 0.08203125 0.43828125 0.028125 0.059375
13 0.39453125 0.46875 0.028125 0.05625
17 0.8765625 0.428125 0.028125 0.0515625
18 0.9234375 0.42421875 0.0265625 0.053125
22 0.47890625 0.4671875 0.0296875 0.05625
2 0.56328125 0.46640625 0.028125 0.05625
47 0.64765625 0.46484375 0.0265625 0.05625
8 0.4984375 0.2265625 0.0296875 0.059375
32 0.31015625 0.4703125 0.03125 0.059375
58 0.08203125 0.53359375 0.0359375 0.0234375
58 0.50546875 0.8046875 0.028125 0.025
52 0.4984375 0.3203125 0.0484375 0.0234375
52 0.921875 0.51796875 0.05 0.0234375
57 0.5 0.415625 0.1109375 0.021875
53 0.5015625 0.5671875 0.03125 0.01875
53 0.4109375 0.59375 0.0140625 0.01875
55 0.45390625 0.35546875 0.03125 0.03125