52 0.921875 0.5234375 0.046875 0.0203125
55 0.45625 0.3515625 0.0265625 0.025
57 0.5015625 0.4140625 0.1125 0.0171875
58 0.5 0.8046875 0.0265625 0.021875
58 0.5 0.31875 0.0359375 0.021875
58 0.0796875 0.5234375 0.034375 0.021875
35 0.3109375 0.4671875 0.028125 0.05625
1 0.3953125 0.4640625 0.0234375 0.05625
24 0.4796875 0.4671875 0.0265625 0.05625
0 0.565625 0.4671875 0.028125 0.05625
22 0.6484375 0.4671875 0.0265625 0.0578125
38 0.878125 0.434375 0.0265625 0.0546875
13 0.925 0.43125 0.0234375 0.05625
53 0.5 0.5671875 0.0296875 0.0203125