28 0.48359375 0.4625 0.0328125 0.059375
58 0.46875 0.8 0.0703125 0.0328125
57 0.51015625 0.41484375 0.1265625 0.0296875
55 0.471875 0.34765625 0.0296875 0.028125
52 0.09453125 0.63671875 0.0484375 0.025
58 0.86953125 0.71796875 0.0609375 0.028125
58 0.1546875 0.35078125 0.0703125 0.0296875
53 0.49296875 0.5640625 0.0421875 0.0234375
30 0.4 0.453125 0.0328125 0.059375
58 0.51875 0.31953125 0.0609375 0.028125
58 0.86875 0.42734375 0.0609375 0.028125
15 0.315625 0.44609375 0.0328125 0.059375
0 0.88359375 0.6203125 0.03125 0.0515625
3 0.88359375 0.6203125 0.03125 0.0515625
22 0.8375 0.621875 0.0359375 0.046875