42 0.35078125 0.46328125 0.028125 0.05625
14 0.60390625 0.4671875 0.03125 0.0546875
30 0.78203125 0.61875 0.03125 0.053125
17 0.52109375 0.465625 0.0265625 0.05625
31 0.68984375 0.471875 0.0296875 0.059375
47 0.82734375 0.62265625 0.0328125 0.05625
15 0.2046875 0.60859375 0.028125 0.05625
23 0.43515625 0.46640625 0.03125 0.059375
19 0.25078125 0.6125 0.0296875 0.059375
55 0.63046875 0.35390625 0.0296875 0.0296875
52 0.78359375 0.7125 0.0484375 0.025
57 0.5015625 0.4171875 0.1265625 0.0234375
58 0.49296875 0.8046875 0.05625 0.0265625
58 0.91796875 0.53359375 0.028125 0.0234375
58 0.80859375 0.36953125 0.0515625 0.025
58 0.6 0.321875 0.0265625 0.025
58 0.4046875 0.31875 0.0515625 0.025
58 0.19453125 0.35859375 0.053125 0.0234375
58 0.078125 0.51796875 0.0296875 0.0234375
53 0.4984375 0.5671875 0.04375 0.0203125