57 0.50859375 0.41484375 0.13125 0.034375
54 0.7984375 0.66328125 0.0859375 0.0828125
54 0.74453125 0.6578125 0.0703125 0.075
53 0.6765625 0.6140625 0.046875 0.0265625
54 0.05546875 0.40625 0.075 0.08125
56 0.76640625 0.8390625 0.3953125 0.1171875
54 0.11171875 0.41015625 0.0859375 0.0859375
58 0.4671875 0.8 0.0578125 0.034375
58 0.08125 0.4796875 0.0515625 0.0265625
58 0.76640625 0.73203125 0.046875 0.0265625
58 0.915625 0.565625 0.046875 0.025
55 0.159375 0.4953125 0.0296875 0.028125
53 0.8171875 0.53359375 0.0328125 0.0234375
30 0.48359375 0.69921875 0.034375 0.0625
53 0.49296875 0.5640625 0.034375 0.021875
41 0.43203125 0.696875 0.0359375 0.0625
26 0.48359375 0.69921875 0.0328125 0.0625