14 0.31171875 0.46875 0.0328125 0.05625
45 0.48046875 0.46875 0.028125 0.0578125
19 0.56484375 0.46796875 0.0328125 0.059375
4 0.39453125 0.4703125 0.0296875 0.059375
44 0.64921875 0.46328125 0.0296875 0.0578125
57 0.5 0.4171875 0.1125 0.0234375
58 0.496875 0.3203125 0.0375 0.0203125
58 0.21484375 0.7125 0.0484375 0.0265625
58 0.50546875 0.80625 0.040625 0.025
58 0.79765625 0.70234375 0.0390625 0.01875
58 0.77734375 0.3546875 0.0390625 0.0203125
58 0.92265625 0.51953125 0.05 0.025
55 0.29765625 0.64765625 0.0296875 0.028125
53 0.71484375 0.62578125 0.0328125 0.0203125