30 0.4375 0.46328125 0.028125 0.05625
32 0.96484375 0.44921875 0.03125 0.059375
57 0.5015625 0.4140625 0.1234375 0.021875
58 0.07734375 0.50703125 0.05 0.0234375
58 0.91953125 0.53828125 0.05 0.0234375
4 0.5203125 0.46484375 0.028125 0.0609375
53 0.49765625 0.5640625 0.04375 0.021875
2 0.353125 0.45859375 0.028125 0.0578125
55 0.15859375 0.51953125 0.0296875 0.028125
52 0.48828125 0.8015625 0.0515625 0.028125
58 0.20390625 0.69453125 0.046875 0.0234375
44 0.53828125 0.70625 0.0296875 0.0609375
27 0.68984375 0.4703125 0.028125 0.0578125
27 0.60625 0.46796875 0.028125 0.0578125
31 0.68984375 0.4703125 0.028125 0.059375
7 0.6078125 0.46796875 0.028125 0.0578125
16 0.91796875 0.44296875 0.0296875 0.059375
38 0.48828125 0.7 0.0296875 0.0609375