43 0.31015625 0.471875 0.03125 0.059375
11 0.56328125 0.46640625 0.0296875 0.0609375
31 0.51171875 0.703125 0.0328125 0.065625
42 0.39453125 0.46953125 0.028125 0.0609375
25 0.47734375 0.46796875 0.0234375 0.0578125
32 0.46171875 0.709375 0.0328125 0.065625
54 0.36171875 0.25625 0.071875 0.0828125
54 0.41796875 0.25390625 0.0828125 0.0875
55 0.8421875 0.53046875 0.0296875 0.03125
57 0.4984375 0.4171875 0.128125 0.025
53 0.50390625 0.5671875 0.04375 0.0234375
58 0.5109375 0.80625 0.0625 0.0296875
58 0.21875 0.71796875 0.0546875 0.028125
58 0.08046875 0.53984375 0.03125 0.025
58 0.190625 0.3765625 0.05625 0.0265625
58 0.3953125 0.32421875 0.0578125 0.025
58 0.590625 0.315625 0.05625 0.025
58 0.803125 0.353125 0.028125 0.0265625
58 0.92109375 0.51171875 0.0546875 0.0296875
58 0.79765625 0.69609375 0.0546875 0.028125