54 0.18359375 0.62734375 0.08125 0.078125
57 0.5 0.4125 0.115625 0.021875
54 0.95078125 0.4578125 0.0703125 0.075
54 0.23828125 0.6296875 0.065625 0.075
54 0.05703125 0.44375 0.08125 0.0796875
54 0.80078125 0.29140625 0.0671875 0.0765625
54 0.89765625 0.45703125 0.078125 0.0796875
54 0.74609375 0.28984375 0.08125 0.08125
53 0.49921875 0.5640625 0.03125 0.01875
54 0.11171875 0.44609375 0.0671875 0.078125
53 0.7 0.4109375 0.028125 0.0171875
58 0.078125 0.51484375 0.0578125 0.0234375
55 0.56015625 0.64453125 0.0265625 0.0265625
58 0.49453125 0.803125 0.0625 0.0296875
58 0.22421875 0.3515625 0.046875 0.021875
58 0.76796875 0.3609375 0.05625 0.0234375
58 0.78515625 0.7078125 0.059375 0.025
53 0.8171875 0.50703125 0.028125 0.0171875
58 0.91640625 0.52734375 0.05625 0.0234375
58 0.2078125 0.6984375 0.0578125 0.021875
58 0.5015625 0.3171875 0.0578125 0.0234375
57 0.49765625 0.65625 0.0484375 0.0203125
57 0.496875 0.6578125 0.05 0.021875
8 0.49140625 0.7015625 0.03125 0.059375
26 0.54296875 0.70390625 0.028125 0.0578125
26 0.54296875 0.70390625 0.0296875 0.059375