57 0.4921875 0.4140625 0.1296875 0.0296875
12 0.9171875 0.39296875 0.0328125 0.059375
55 0.83671875 0.5140625 0.03125 0.0296875
20 0.078125 0.46640625 0.034375 0.059375
52 0.084375 0.55859375 0.0453125 0.021875
58 0.5265625 0.80234375 0.059375 0.03125
52 0.4859375 0.31953125 0.05 0.0265625
53 0.50546875 0.565625 0.0453125 0.0234375
58 0.92265625 0.48828125 0.025 0.0203125
30 0.434375 0.2328125 0.0328125 0.0546875
38 0.87109375 0.4015625 0.03125 0.05625
25 0.03203125 0.4734375 0.0296875 0.05625
27 0.47890625 0.22734375 0.0265625 0.0546875