54 0.88984375 0.4171875 0.084375 0.0828125
54 0.94453125 0.4140625 0.075 0.0796875
54 0.778125 0.6109375 0.0859375 0.084375
54 0.83125 0.609375 0.0734375 0.0828125
58 0.08203125 0.56015625 0.0515625 0.0265625
58 0.5265625 0.80390625 0.05625 0.0328125
57 0.49140625 0.41640625 0.1234375 0.0296875
58 0.80625 0.68046875 0.0515625 0.025
58 0.228125 0.72890625 0.0515625 0.0296875
58 0.75078125 0.33359375 0.0515625 0.0265625
58 0.20859375 0.3828125 0.05 0.0265625
52 0.91953125 0.48671875 0.0484375 0.0234375
55 0.30703125 0.6578125 0.028125 0.028125
53 0.50546875 0.5640625 0.0421875 0.025
56 0.2296875 0.834375 0.390625 0.1140625
33 0.68515625 0.45078125 0.0296875 0.0578125
11 0.6015625 0.4578125 0.03125 0.0578125
45 0.5171875 0.465625 0.028125 0.0578125