12 0.91875 0.3984375 0.0328125 0.0609375
39 0.56171875 0.459375 0.0328125 0.059375
30 0.39296875 0.47109375 0.0328125 0.0609375
57 0.49375 0.4125 0.1375 0.028125
52 0.4890625 0.3171875 0.0515625 0.025
52 0.52265625 0.80234375 0.05625 0.0296875
55 0.83515625 0.51875 0.03125 0.028125
52 0.92265625 0.4921875 0.046875 0.0203125
6 0.47734375 0.465625 0.0328125 0.059375
35 0.646875 0.45390625 0.03125 0.0578125
53 0.4140625 0.596875 0.046875 0.0234375
4 0.51875 0.70078125 0.0359375 0.065625
51 0.87265625 0.40625 0.0359375 0.059375
53 0.5015625 0.5640625 0.05 0.021875
58 0.08203125 0.55234375 0.0515625 0.025
35 0.6453125 0.45390625 0.034375 0.059375
37 0.03359375 0.465625 0.0296875 0.05625
21 0.30859375 0.47734375 0.03125 0.0609375
5 0.4671875 0.7078125 0.034375 0.0640625
24 0.08046875 0.45859375 0.034375 0.0609375