12 0.9234375 0.42109375 0.0296875 0.059375
39 0.56328125 0.46328125 0.0296875 0.0578125
30 0.39453125 0.465625 0.0296875 0.059375
57 0.4984375 0.4125 0.1359375 0.021875
52 0.4984375 0.3171875 0.05 0.0234375
52 0.50703125 0.803125 0.0546875 0.028125
55 0.83359375 0.53671875 0.0296875 0.0265625
52 0.921875 0.51484375 0.0453125 0.01875
6 0.47890625 0.4640625 0.0296875 0.0578125
35 0.64921875 0.46171875 0.0296875 0.05625
53 0.409375 0.5921875 0.0453125 0.021875
4 0.50859375 0.7015625 0.0328125 0.0640625
51 0.8765625 0.4265625 0.0328125 0.0578125
53 0.49765625 0.5640625 0.0484375 0.0203125
58 0.08046875 0.53046875 0.05 0.0234375
35 0.64765625 0.46171875 0.03125 0.0578125
37 0.03671875 0.440625 0.028125 0.0546875
21 0.31015625 0.4671875 0.028125 0.059375
5 0.45703125 0.70546875 0.03125 0.0625
24 0.08359375 0.43671875 0.03125 0.059375