2 0.34609375 0.48515625 0.0359375 0.059375
54 0.7640625 0.2453125 0.075 0.08125
54 0.940625 0.3890625 0.0765625 0.0859375
36 0.68046875 0.43828125 0.0359375 0.0625
57 0.4859375 0.41328125 0.128125 0.034375
54 0.884375 0.396875 0.090625 0.090625
54 0.71015625 0.2546875 0.0890625 0.0890625
58 0.5421875 0.8 0.06875 0.0359375
58 0.74140625 0.32109375 0.059375 0.03125
55 0.721875 0.609375 0.0296875 0.028125
29 0.5984375 0.45 0.0328125 0.0609375
58 0.4734375 0.32109375 0.053125 0.028125
58 0.08671875 0.58046875 0.0625 0.028125
58 0.2046875 0.39765625 0.059375 0.0296875
58 0.240625 0.74296875 0.0625 0.0296875
58 0.91796875 0.46328125 0.0609375 0.03125
58 0.81484375 0.6625 0.0546875 0.028125
37 0.43125 0.4734375 0.0328125 0.0609375
27 0.51484375 0.46171875 0.034375 0.059375
53 0.509375 0.56484375 0.046875 0.03125