54 0.23984375 0.6265625 0.0640625 0.071875
54 0.4375 0.24609375 0.06875 0.0734375
54 0.18359375 0.62734375 0.0796875 0.078125
54 0.81953125 0.63984375 0.065625 0.075
54 0.6328125 0.24921875 0.065625 0.0765625
57 0.503125 0.4140625 0.1328125 0.0234375
54 0.3828125 0.24296875 0.078125 0.0765625
54 0.76484375 0.6375 0.0796875 0.078125
54 0.78671875 0.2953125 0.0796875 0.0796875
53 0.61484375 0.38515625 0.040625 0.0203125
54 0.84140625 0.296875 0.06875 0.075
54 0.578125 0.246875 0.0796875 0.0796875
53 0.45390625 0.38359375 0.040625 0.01875
53 0.49921875 0.5640625 0.040625 0.021875
58 0.49453125 0.8015625 0.0546875 0.03125
58 0.81015625 0.36640625 0.05 0.028125
58 0.20546875 0.69921875 0.05 0.025
58 0.6015625 0.3171875 0.05 0.0234375
53 0.49296875 0.625 0.04375 0.021875
58 0.78515625 0.709375 0.0515625 0.0234375
58 0.4046875 0.315625 0.0515625 0.0234375
58 0.0796875 0.51640625 0.05 0.0234375
58 0.19453125 0.35703125 0.0515625 0.0265625
55 0.803125 0.40859375 0.0265625 0.0265625
33 0.54296875 0.70546875 0.028125 0.059375
58 0.91953125 0.52890625 0.021875 0.021875
19 0.4921875 0.7 0.03125 0.059375