54 0.8921875 0.43125 0.0828125 0.0828125
54 0.946875 0.428125 0.071875 0.0765625
54 0.36484375 0.25390625 0.0828125 0.0828125
54 0.41953125 0.25078125 0.06875 0.078125
58 0.92109375 0.5 0.0546875 0.0265625
54 0.771875 0.27734375 0.0828125 0.0828125
58 0.515625 0.80078125 0.059375 0.0296875
58 0.08125 0.54375 0.0546875 0.025
53 0.5015625 0.5625 0.0484375 0.025
58 0.7984375 0.3453125 0.05625 0.0265625
54 0.82578125 0.275 0.075 0.0796875
58 0.5875 0.3125 0.0546875 0.0296875
58 0.3921875 0.32265625 0.053125 0.025
55 0.3625 0.35546875 0.028125 0.028125
57 0.49375 0.4125 0.128125 0.025
58 0.18515625 0.37578125 0.053125 0.028125
58 0.2203125 0.71796875 0.0265625 0.025
58 0.79921875 0.6875 0.0265625 0.025
8 0.68671875 0.45546875 0.0296875 0.0578125
29 0.6046875 0.46015625 0.0265625 0.059375
39 0.51875 0.46484375 0.0265625 0.05625
47 0.5578125 0.703125 0.0296875 0.059375
31 0.50625 0.7015625 0.03125 0.0609375