57 0.50625 0.4125 0.1328125 0.0328125
32 0.5234375 0.70859375 0.0375 0.065625
36 0.68984375 0.48359375 0.0359375 0.0609375
2 0.52421875 0.46640625 0.0375 0.059375
52 0.4671875 0.8 0.0578125 0.0328125
55 0.5578125 0.35546875 0.0296875 0.03125
45 0.35625 0.4484375 0.0328125 0.0625
53 0.49296875 0.565625 0.0515625 0.0265625
58 0.078125 0.47890625 0.0515625 0.0265625
47 0.13125 0.39375 0.0359375 0.059375
33 0.43984375 0.4578125 0.0328125 0.059375
58 0.51875 0.31796875 0.053125 0.0265625
37 0.0859375 0.3859375 0.03125 0.0578125
5 0.47421875 0.6984375 0.0328125 0.065625
25 0.6078125 0.475 0.0328125 0.059375