41 0.525 0.70703125 0.034375 0.0625
54 0.8046875 0.665625 0.0734375 0.0796875
57 0.5078125 0.4125 0.1296875 0.034375
54 0.7515625 0.66015625 0.0875 0.084375
54 0.22265625 0.25390625 0.084375 0.0859375
54 0.81796875 0.31640625 0.0734375 0.0796875
54 0.0640625 0.40390625 0.0875 0.0859375
54 0.9 0.49140625 0.084375 0.084375
54 0.95234375 0.49921875 0.075 0.08125
54 0.76328125 0.3125 0.0875 0.0875
54 0.27734375 0.259375 0.075 0.0796875
54 0.11796875 0.4109375 0.0734375 0.0828125
53 0.48359375 0.62421875 0.03125 0.021875
58 0.4671875 0.8 0.0671875 0.034375
53 0.49296875 0.5640625 0.03125 0.021875
58 0.77890625 0.38515625 0.059375 0.0296875
58 0.078125 0.47578125 0.0578125 0.028125
58 0.9140625 0.5640625 0.0578125 0.028125
53 0.35234375 0.3921875 0.028125 0.0203125
58 0.18984375 0.671875 0.0609375 0.028125
55 0.7921875 0.42421875 0.03125 0.0296875
58 0.51796875 0.31640625 0.059375 0.028125
58 0.76640625 0.73203125 0.0515625 0.0265625
58 0.23828125 0.328125 0.0578125 0.028125
53 0.1828125 0.46640625 0.0296875 0.0203125
29 0.47421875 0.7 0.0328125 0.0625