54 0.371875 0.2453125 0.065625 0.075
54 0.2328125 0.6328125 0.078125 0.078125
54 0.8140625 0.63125 0.078125 0.0765625
54 0.4265625 0.2453125 0.078125 0.078125
58 0.5015625 0.8015625 0.0578125 0.0296875
54 0.0484375 0.45 0.06875 0.075
54 0.1046875 0.45 0.078125 0.0765625
54 0.759375 0.63125 0.06875 0.0734375
54 0.94375 0.45 0.078125 0.078125
54 0.5671875 0.2453125 0.065625 0.075
54 0.1796875 0.6328125 0.065625 0.0734375
54 0.2171875 0.2890625 0.078125 0.078125
54 0.8890625 0.45 0.0671875 0.0765625
54 0.7765625 0.2890625 0.06875 0.075
54 0.621875 0.2453125 0.078125 0.078125
54 0.83125 0.2875 0.078125 0.078125
54 0.1625 0.2890625 0.0703125 0.078125
58 0.790625 0.703125 0.0484375 0.021875
58 0.0796875 0.51875 0.0515625 0.021875
58 0.2109375 0.7015625 0.05 0.021875
53 0.5 0.5609375 0.0453125 0.0234375
58 0.5984375 0.3140625 0.0515625 0.0203125
57 0.5015625 0.4109375 0.128125 0.021875
58 0.4015625 0.3140625 0.0515625 0.021875
58 0.9203125 0.5203125 0.0515625 0.021875
58 0.8078125 0.3578125 0.05 0.021875
56 0.7984375 0.8078125 0.384375 0.0765625
25 0.5046875 0.7 0.025 0.0609375
58 0.1921875 0.359375 0.0515625 0.0234375
55 0.8015625 0.4015625 0.0296875 0.0265625
53 0.81875 0.5078125 0.0421875 0.0203125
36 0.4546875 0.703125 0.028125 0.05625
53 0.3109375 0.596875 0.04375 0.01875
53 0.690625 0.596875 0.0390625 0.0171875