22 0.4375 0.46171875 0.028125 0.0578125
57 0.5015625 0.4125 0.1234375 0.0234375
53 0.49609375 0.5640625 0.040625 0.01875
55 0.559375 0.64453125 0.03125 0.0296875
52 0.5046875 0.3171875 0.0484375 0.021875
58 0.4890625 0.803125 0.0578125 0.028125
52 0.91953125 0.53671875 0.046875 0.021875
17 0.60625 0.46640625 0.0265625 0.0578125
37 0.521875 0.46328125 0.028125 0.059375
58 0.07578125 0.50703125 0.0578125 0.0234375
23 0.078125 0.41328125 0.03125 0.05625
51 0.690625 0.46875 0.0296875 0.059375
31 0.96484375 0.44765625 0.0296875 0.0578125
15 0.91953125 0.44140625 0.0328125 0.0578125
27 0.96484375 0.44609375 0.03125 0.0578125
6 0.3515625 0.45703125 0.0296875 0.059375
41 0.12578125 0.41953125 0.0265625 0.0546875