54 0.859375 0.60625 0.0640625 0.071875
56 0.8015625 0.809375 0.390625 0.0765625
54 0.9140625 0.60625 0.078125 0.078125
53 0.5046875 0.6265625 0.040625 0.0171875
57 0.5 0.4140625 0.13125 0.0203125
54 0.1640625 0.315625 0.078125 0.078125
55 0.45625 0.3515625 0.0265625 0.0265625
58 0.140625 0.3890625 0.0484375 0.021875
58 0.5 0.8015625 0.0546875 0.028125
53 0.76875 0.590625 0.0421875 0.0203125
58 0.890625 0.6765625 0.0484375 0.021875
54 0.109375 0.3171875 0.06875 0.0765625
53 0.7359375 0.4140625 0.040625 0.01875
58 0.859375 0.3875 0.05 0.021875
53 0.2640625 0.4140625 0.04375 0.01875
58 0.109375 0.678125 0.0484375 0.021875
58 0.5 0.3171875 0.0515625 0.0234375
44 0.4546875 0.7046875 0.028125 0.059375
29 0.5046875 0.7 0.025 0.059375