57 0.490625 0.41328125 0.128125 0.034375
39 0.3078125 0.4875 0.034375 0.0609375
22 0.07734375 0.4796875 0.034375 0.0578125
55 0.83671875 0.50078125 0.03125 0.03125
53 0.5078125 0.56328125 0.04375 0.0265625
52 0.53828125 0.79921875 0.0578125 0.0328125
58 0.921875 0.471875 0.0609375 0.0296875
52 0.08671875 0.57109375 0.046875 0.025
36 0.47578125 0.4671875 0.034375 0.059375
17 0.39140625 0.47578125 0.03125 0.0578125
50 0.03046875 0.48671875 0.034375 0.05625
45 0.478125 0.70703125 0.0359375 0.0625
5 0.559375 0.4546875 0.0328125 0.0609375
1 0.52890625 0.69765625 0.0359375 0.065625