41 0.4421875 0.7046875 0.03125 0.0609375
46 0.4921875 0.7015625 0.0375 0.0640625
32 0.7421875 0.63125 0.0328125 0.0578125
47 0.7875 0.62890625 0.03125 0.05625
55 0.7875 0.41171875 0.028125 0.03125
52 0.48359375 0.80546875 0.05625 0.028125
57 0.5046875 0.4171875 0.1265625 0.0265625
58 0.08046875 0.5046875 0.053125 0.0265625
58 0.1984375 0.69375 0.053125 0.028125
58 0.5125 0.32265625 0.0375 0.0265625
58 0.78515625 0.37578125 0.0421875 0.028125
58 0.77890625 0.72421875 0.0375 0.028125
53 0.49921875 0.56875 0.046875 0.025