49 0.48125 0.69921875 0.0359375 0.065625
12 0.69140625 0.47734375 0.03125 0.059375
57 0.5046875 0.4140625 0.125 0.025
55 0.55390625 0.64765625 0.028125 0.028125
52 0.91640625 0.54921875 0.046875 0.0234375
52 0.47890625 0.80234375 0.0546875 0.028125
53 0.4953125 0.5640625 0.04375 0.025
58 0.07734375 0.49375 0.05 0.025
17 0.60703125 0.47109375 0.028125 0.0578125
37 0.53125 0.70546875 0.034375 0.0609375
23 0.0828125 0.4 0.0328125 0.05625
4 0.52265625 0.465625 0.0328125 0.0609375
36 0.96484375 0.46484375 0.03125 0.05625
21 0.92109375 0.45703125 0.03125 0.05625
42 0.12734375 0.4046875 0.0328125 0.05625
21 0.92109375 0.45703125 0.03125 0.05625
1 0.43828125 0.4625 0.0296875 0.059375