54 0.94609375 0.50625 0.0875 0.0890625
57 0.51171875 0.41484375 0.1140625 0.034375
34 0.40078125 0.45 0.0328125 0.0578125
20 0.484375 0.46015625 0.034375 0.0609375
54 0.890625 0.49921875 0.075 0.0828125
58 0.46328125 0.79921875 0.05625 0.0328125
55 0.15703125 0.49609375 0.03125 0.0296875
58 0.91484375 0.57265625 0.053125 0.0296875
58 0.08203125 0.4703125 0.0484375 0.028125
53 0.4921875 0.56328125 0.0328125 0.0234375
14 0.48046875 0.69921875 0.034375 0.0625
26 0.42890625 0.69609375 0.034375 0.0625
30 0.315625 0.43984375 0.0328125 0.0578125