57 0.49375 0.4125 0.11875 0.028125
54 0.734375 0.2671875 0.0828125 0.0828125
54 0.15078125 0.63125 0.06875 0.078125
54 0.1890625 0.30546875 0.0828125 0.0828125
54 0.09453125 0.63515625 0.0828125 0.0828125
54 0.24375 0.3015625 0.071875 0.078125
49 0.5609375 0.69921875 0.034375 0.0609375
58 0.90078125 0.64921875 0.0359375 0.025
54 0.7875 0.2640625 0.071875 0.078125
53 0.3015625 0.41328125 0.0234375 0.0203125
58 0.12265625 0.703125 0.0359375 0.025
55 0.765625 0.60859375 0.0296875 0.0265625
58 0.52109375 0.80078125 0.0546875 0.0296875
58 0.7609375 0.3359375 0.0375 0.025
53 0.50390625 0.625 0.0234375 0.0203125
53 0.24765625 0.61015625 0.0234375 0.0203125
29 0.509375 0.7015625 0.03125 0.0625
58 0.2171875 0.37421875 0.0375 0.0265625
53 0.6828125 0.38671875 0.0234375 0.021875
53 0.5046875 0.5640625 0.0234375 0.0203125