17 0.3109375 0.459375 0.028125 0.0578125
41 0.56640625 0.46953125 0.028125 0.0578125
44 0.396875 0.46171875 0.028125 0.059375
15 0.484375 0.46484375 0.0296875 0.0578125
57 0.5046875 0.4171875 0.128125 0.0265625
58 0.5078125 0.3203125 0.05625 0.0265625
58 0.14609375 0.378125 0.0515625 0.021875
58 0.1046875 0.66875 0.0578125 0.0265625
58 0.4890625 0.8046875 0.0578125 0.0296875
58 0.884375 0.69453125 0.05625 0.0265625
58 0.86484375 0.4046875 0.053125 0.025
53 0.49765625 0.5671875 0.0453125 0.0296875
55 0.21953125 0.615625 0.0328125 0.034375
54 0.115625 0.30703125 0.0734375 0.0796875
54 0.1703125 0.31015625 0.08125 0.084375
54 0.47890625 0.25078125 0.0734375 0.08125
54 0.53359375 0.24921875 0.0828125 0.0796875