54 0.05625 0.4515625 0.078125 0.0796875
54 0.1859375 0.634375 0.0765625 0.078125
58 0.078125 0.521875 0.05625 0.0234375
58 0.4984375 0.803125 0.0625 0.025
58 0.765625 0.35625 0.0484375 0.0203125
58 0.209375 0.7046875 0.059375 0.0203125
54 0.1109375 0.4515625 0.065625 0.0765625
58 0.91875 0.521875 0.05625 0.021875
54 0.240625 0.634375 0.0640625 0.075
58 0.5 0.31875 0.05 0.0203125
58 0.2203125 0.35625 0.05625 0.0203125
58 0.7890625 0.7046875 0.0484375 0.0203125
55 0.1609375 0.53125 0.028125 0.0265625
53 0.5 0.5640625 0.040625 0.01875
57 0.4984375 0.4125 0.1234375 0.0171875
25 0.6890625 0.4640625 0.0265625 0.0578125
9 0.5203125 0.4640625 0.0234375 0.0578125
15 0.6046875 0.4640625 0.0265625 0.05625