55 0.7890625 0.43515625 0.03125 0.03125
58 0.45390625 0.8015625 0.040625 0.028125
58 0.5296875 0.32109375 0.0375 0.0265625
58 0.1640625 0.334375 0.0390625 0.0265625
58 0.0859375 0.61640625 0.0421875 0.028125
57 0.51484375 0.415625 0.1171875 0.0375
58 0.859375 0.7390625 0.0390625 0.025
52 0.87421875 0.4453125 0.0484375 0.025
20 0.31875 0.43828125 0.0375 0.0625
35 0.40078125 0.44921875 0.034375 0.059375
47 0.48515625 0.4640625 0.034375 0.059375
3 0.5703125 0.478125 0.0359375 0.0578125
12 0.653125 0.49140625 0.034375 0.0625
33 0.84296875 0.35 0.03125 0.0515625
31 0.89140625 0.35625 0.0375 0.0609375
48 0.18125 0.24375 0.0359375 0.0578125
49 0.13515625 0.23828125 0.0359375 0.053125