54 0.1921875 0.328125 0.078125 0.078125
55 0.1890625 0.440625 0.03125 0.03125
58 0.5015625 0.803125 0.0375 0.0265625
57 0.5015625 0.4140625 0.10625 0.01875
58 0.83125 0.396875 0.0359375 0.021875
58 0.1703125 0.3984375 0.0359375 0.021875
54 0.1375 0.328125 0.0671875 0.0734375
54 0.7984375 0.325 0.06875 0.06875
54 0.8546875 0.325 0.0796875 0.0734375
53 0.5 0.565625 0.0234375 0.0203125
41 0.309375 0.4671875 0.0234375 0.05625
27 0.3953125 0.465625 0.025 0.0546875
45 0.4796875 0.4671875 0.025 0.05625
25 0.453125 0.70625 0.0265625 0.05625
21 0.5046875 0.7015625 0.025 0.059375