41 0.42890625 0.69609375 0.034375 0.0625
54 0.165625 0.59296875 0.0734375 0.08125
57 0.5125 0.41328125 0.1296875 0.0359375
54 0.21875 0.59921875 0.0890625 0.0859375
54 0.82578125 0.32265625 0.0859375 0.0875
54 0.23125 0.25 0.0734375 0.08125
54 0.946875 0.5046875 0.0890625 0.0875
54 0.1125 0.40234375 0.0859375 0.0859375
54 0.059375 0.396875 0.0765625 0.0828125
54 0.2859375 0.2578125 0.0890625 0.0890625
54 0.77109375 0.31640625 0.075 0.08125
54 0.8921875 0.49921875 0.075 0.084375
53 0.4875 0.62421875 0.03125 0.021875
58 0.46484375 0.79921875 0.0671875 0.0359375
53 0.4921875 0.56328125 0.03125 0.021875
58 0.25390625 0.325 0.0609375 0.0296875
58 0.91640625 0.571875 0.0578125 0.028125
58 0.08203125 0.46875 0.0578125 0.028125
53 0.66796875 0.42734375 0.028125 0.0203125
58 0.7640625 0.73671875 0.0609375 0.0296875
55 0.23203125 0.36015625 0.03125 0.0296875
58 0.52421875 0.3171875 0.059375 0.028125
58 0.18828125 0.66640625 0.0515625 0.028125
58 0.79375 0.39140625 0.0578125 0.028125
53 0.81640625 0.5390625 0.0296875 0.0203125
29 0.48046875 0.70078125 0.034375 0.0625