17 0.68984375 0.4625 0.028125 0.05625
41 0.43359375 0.46796875 0.028125 0.05625
44 0.60390625 0.4640625 0.028125 0.0578125
15 0.51640625 0.465625 0.0296875 0.05625
57 0.496875 0.4171875 0.128125 0.0234375
58 0.4953125 0.3203125 0.0546875 0.0265625
58 0.85546875 0.384375 0.0515625 0.021875
58 0.8921875 0.67578125 0.05625 0.0265625
58 0.50546875 0.8046875 0.05625 0.0296875
58 0.1125 0.68828125 0.0546875 0.0265625
58 0.1375 0.3984375 0.0515625 0.025
53 0.5015625 0.5671875 0.04375 0.028125
55 0.77890625 0.6203125 0.03125 0.0328125
54 0.8875 0.31328125 0.071875 0.078125
54 0.8328125 0.31640625 0.0796875 0.0828125
54 0.525 0.25078125 0.071875 0.0796875
54 0.4703125 0.24921875 0.08125 0.078125