12 0.48125 0.22578125 0.0296875 0.059375
57 0.49375 0.4140625 0.125 0.0234375
11 0.603125 0.46015625 0.0328125 0.059375
47 0.528125 0.2265625 0.0328125 0.0578125
55 0.571875 0.64140625 0.028125 0.028125
52 0.4890625 0.31875 0.0484375 0.025
3 0.51875 0.46484375 0.03125 0.059375
58 0.515625 0.80390625 0.059375 0.0296875
53 0.503125 0.5640625 0.04375 0.0203125
52 0.0796875 0.54375 0.0484375 0.021875
28 0.3484375 0.471875 0.03125 0.0609375
58 0.91953125 0.5015625 0.0515625 0.025
44 0.11875 0.45234375 0.03125 0.05625
26 0.68671875 0.45390625 0.03125 0.059375
29 0.434375 0.4671875 0.028125 0.059375
25 0.55625 0.70234375 0.034375 0.0609375
17 0.4328125 0.4671875 0.028125 0.0578125
38 0.071875 0.45234375 0.03125 0.05625
10 0.071875 0.45234375 0.03125 0.05625
1 0.50546875 0.7 0.0328125 0.0640625
5 0.55625 0.70078125 0.0328125 0.0609375