57 0.50625 0.4125 0.1296875 0.0296875
54 0.95390625 0.48984375 0.075 0.08125
54 0.8984375 0.484375 0.084375 0.084375
53 0.49453125 0.5625 0.0453125 0.0234375
54 0.0640625 0.41015625 0.084375 0.08125
39 0.69140625 0.47734375 0.03125 0.0609375
58 0.47421875 0.79921875 0.0609375 0.03125
55 0.5515625 0.646875 0.03125 0.03125
54 0.1171875 0.41484375 0.071875 0.0765625
58 0.6140625 0.325 0.0515625 0.028125
58 0.20546875 0.33125 0.0515625 0.028125
58 0.0796875 0.48203125 0.053125 0.0265625
58 0.91875 0.55703125 0.0484375 0.0265625
58 0.81875 0.38671875 0.053125 0.028125
53 0.18203125 0.4796875 0.04375 0.0234375
58 0.41796875 0.3078125 0.053125 0.028125
42 0.6078125 0.4703125 0.03125 0.0578125
43 0.5234375 0.4640625 0.03125 0.05625