53 0.50390625 0.5625 0.0453125 0.0234375
54 0.61171875 0.24140625 0.08125 0.08125
54 0.103125 0.4640625 0.08125 0.0796875
54 0.55859375 0.24453125 0.06875 0.0765625
54 0.0484375 0.465625 0.071875 0.078125
54 0.15703125 0.30078125 0.075 0.08125
54 0.21015625 0.29921875 0.08125 0.0828125
58 0.08203125 0.53515625 0.0515625 0.0234375
57 0.4984375 0.4109375 0.125 0.025
55 0.62421875 0.34375 0.0296875 0.028125
58 0.396875 0.31875 0.0546875 0.0265625
58 0.80078125 0.346875 0.0515625 0.025
58 0.79765625 0.69140625 0.025 0.0234375
56 0.80703125 0.796875 0.3859375 0.09375
58 0.21796875 0.71171875 0.0265625 0.025
58 0.92265625 0.50546875 0.0546875 0.025
58 0.1890625 0.3703125 0.053125 0.0265625
8 0.309375 0.46875 0.028125 0.059375
58 0.5921875 0.3125 0.0515625 0.0234375
58 0.51015625 0.8 0.0609375 0.0328125
44 0.5640625 0.46015625 0.0265625 0.05625
47 0.46015625 0.703125 0.0328125 0.0609375
39 0.478125 0.46328125 0.028125 0.059375
31 0.51171875 0.7015625 0.0296875 0.0625
29 0.39453125 0.46953125 0.025 0.059375