2 0.3484375 0.471875 0.03125 0.0578125
54 0.78515625 0.26875 0.06875 0.0765625
54 0.9484375 0.428125 0.071875 0.0796875
36 0.68515625 0.4546875 0.03125 0.0609375
57 0.49375 0.4125 0.1265625 0.0234375
54 0.8921875 0.43125 0.084375 0.084375
54 0.73046875 0.2734375 0.0828125 0.084375
58 0.515625 0.80234375 0.0671875 0.0296875
58 0.75625 0.34296875 0.0578125 0.0265625
55 0.71171875 0.628125 0.028125 0.0265625
29 0.60234375 0.45859375 0.028125 0.059375
58 0.4890625 0.31875 0.0515625 0.025
58 0.08125 0.54375 0.0625 0.0234375
58 0.21484375 0.37265625 0.0578125 0.025
58 0.2203125 0.71953125 0.0609375 0.025
58 0.91953125 0.5 0.059375 0.0265625
58 0.79921875 0.6890625 0.053125 0.025
37 0.434375 0.4671875 0.028125 0.059375
27 0.51875 0.46328125 0.0296875 0.0578125
53 0.503125 0.565625 0.0453125 0.0265625