22 0.603125 0.46015625 0.028125 0.0578125
31 0.11953125 0.44453125 0.03125 0.0578125
4 0.43515625 0.46796875 0.028125 0.0609375
19 0.80078125 0.25625 0.0296875 0.05625
1 0.51875 0.46328125 0.0265625 0.0609375
52 0.07890625 0.53671875 0.046875 0.021875
51 0.6875 0.45625 0.0296875 0.059375
57 0.496875 0.4125 0.134375 0.021875
58 0.5109375 0.803125 0.0671875 0.028125
58 0.76015625 0.3484375 0.05 0.025
58 0.91953125 0.50703125 0.0578125 0.0234375
55 0.2140625 0.40546875 0.0265625 0.0265625
58 0.4921875 0.31875 0.05 0.0234375
58 0.79765625 0.69453125 0.05 0.025
58 0.21640625 0.71484375 0.059375 0.021875
48 0.34921875 0.46953125 0.0296875 0.059375
58 0.2140625 0.36640625 0.053125 0.021875
58 0.2171875 0.36796875 0.053125 0.0234375
53 0.50234375 0.5640625 0.05 0.021875
49 0.07421875 0.44453125 0.0265625 0.0546875
18 0.75390625 0.2546875 0.0265625 0.053125
29 0.07421875 0.44609375 0.0265625 0.0546875