31 0.115625 0.49140625 0.0375 0.0609375
22 0.59765625 0.4484375 0.034375 0.059375
57 0.48515625 0.4140625 0.1328125 0.0375
19 0.76953125 0.221875 0.0359375 0.0578125
51 0.68125 0.43359375 0.0390625 0.0625
52 0.08671875 0.5875 0.0515625 0.028125
58 0.54765625 0.79921875 0.06875 0.0359375
58 0.73984375 0.31796875 0.0515625 0.0296875
55 0.20390625 0.440625 0.028125 0.028125
58 0.9171875 0.45625 0.0609375 0.03125
58 0.81796875 0.65859375 0.053125 0.0296875
58 0.471875 0.32109375 0.0515625 0.0328125
58 0.246875 0.74765625 0.0609375 0.03125
58 0.2015625 0.4015625 0.0578125 0.0296875
18 0.72109375 0.22578125 0.034375 0.053125
53 0.51015625 0.56484375 0.053125 0.028125
49 0.07109375 0.4984375 0.0328125 0.05625
1 0.5140625 0.4609375 0.034375 0.0625
29 0.07109375 0.4984375 0.0328125 0.05625