12 0.6 0.4546875 0.0328125 0.0609375
57 0.48828125 0.41484375 0.1234375 0.0328125
35 0.68359375 0.44296875 0.0328125 0.059375
22 0.90390625 0.3796875 0.0359375 0.059375
58 0.53671875 0.80078125 0.05625 0.0328125
55 0.83671875 0.50078125 0.03125 0.0296875
49 0.515625 0.46328125 0.0328125 0.059375
52 0.47578125 0.31875 0.05 0.0265625
53 0.50625 0.565625 0.0421875 0.0234375
36 0.43125 0.47578125 0.0328125 0.0609375
52 0.9203125 0.471875 0.0484375 0.0265625
0 0.06953125 0.48359375 0.034375 0.059375
58 0.0859375 0.57421875 0.05 0.0265625
2 0.3484375 0.48359375 0.0328125 0.059375
6 0.11640625 0.4796875 0.0359375 0.05625
33 0.95078125 0.378125 0.0328125 0.0578125
35 0.68359375 0.44296875 0.0328125 0.059375