58 0.5 0.803125 0.053125 0.025
58 0.6 0.315625 0.034375 0.0203125
55 0.63125 0.3546875 0.0265625 0.0265625
42 0.5640625 0.4640625 0.0265625 0.05625
58 0.921875 0.521875 0.0453125 0.021875
58 0.2109375 0.703125 0.034375 0.0203125
58 0.078125 0.521875 0.046875 0.021875
57 0.5015625 0.4125 0.125 0.0171875
58 0.1953125 0.359375 0.04375 0.021875
44 0.878125 0.4328125 0.028125 0.05625
53 0.5 0.5640625 0.0421875 0.01875
52 0.790625 0.7046875 0.0453125 0.0203125
32 0.7484375 0.615625 0.028125 0.05625
33 0.4796875 0.4640625 0.0265625 0.0578125
28 0.3109375 0.4640625 0.028125 0.059375
4 0.79375 0.6109375 0.0265625 0.0578125
31 0.925 0.428125 0.028125 0.05625
29 0.3953125 0.4640625 0.025 0.0578125
4 0.79375 0.6109375 0.0265625 0.0578125
58 0.403125 0.3203125 0.046875 0.021875