57 0.5015625 0.4125 0.128125 0.0171875
36 0.565625 0.4640625 0.028125 0.0578125
12 0.925 0.428125 0.028125 0.0578125
55 0.165625 0.5390625 0.03125 0.0296875
52 0.5015625 0.3171875 0.0484375 0.0203125
53 0.5 0.5625 0.04375 0.0203125
58 0.0796875 0.5203125 0.05 0.0203125
58 0.5 0.8015625 0.05625 0.0265625
21 0.4796875 0.4640625 0.0265625 0.05625
11 0.6484375 0.4640625 0.0296875 0.05625
37 0.3953125 0.4625 0.025 0.0578125
48 0.8796875 0.4328125 0.03125 0.0578125
24 0.3109375 0.4640625 0.0296875 0.059375
45 0.0359375 0.428125 0.0296875 0.05
58 0.9234375 0.5234375 0.05625 0.0203125
1 0.0828125 0.425 0.0234375 0.0484375