55 0.78984375 0.43828125 0.0328125 0.0328125
58 0.44921875 0.7984375 0.059375 0.0359375
54 0.0640625 0.534375 0.0765625 0.0828125
58 0.0859375 0.609375 0.053125 0.028125
54 0.12109375 0.54140625 0.090625 0.0875
53 0.48828125 0.56484375 0.046875 0.0296875
58 0.5328125 0.321875 0.0296875 0.0265625
57 0.51640625 0.415625 0.125 0.0421875
58 0.16484375 0.3296875 0.0546875 0.0328125
58 0.853125 0.74453125 0.053125 0.0296875
58 0.8734375 0.453125 0.053125 0.0296875
54 0.1484375 0.25390625 0.0828125 0.0890625
54 0.20078125 0.26328125 0.0921875 0.09375
40 0.31953125 0.43359375 0.0359375 0.065625
43 0.40234375 0.45078125 0.034375 0.0625
33 0.4859375 0.4640625 0.0359375 0.059375
22 0.41796875 0.6953125 0.0375 0.0640625
4 0.46953125 0.70078125 0.040625 0.065625