54 0.88671875 0.40390625 0.0875 0.0875
54 0.940625 0.396875 0.0765625 0.08125
54 0.3484375 0.26328125 0.0875 0.0875
54 0.40234375 0.25703125 0.075 0.0828125
58 0.91953125 0.4703125 0.05625 0.0296875
54 0.75546875 0.259375 0.0875 0.0875
58 0.53671875 0.79921875 0.0609375 0.0328125
58 0.08515625 0.57265625 0.0546875 0.028125
53 0.50625 0.5625 0.0484375 0.028125
58 0.78671875 0.325 0.0578125 0.0296875
54 0.809375 0.25234375 0.0796875 0.084375
58 0.57421875 0.30703125 0.05625 0.0328125
58 0.3796875 0.33046875 0.053125 0.028125
55 0.353125 0.365625 0.0296875 0.0296875
57 0.4875 0.41328125 0.128125 0.034375
58 0.17734375 0.39765625 0.0546875 0.03125
58 0.2359375 0.73671875 0.028125 0.0265625
58 0.81171875 0.66640625 0.028125 0.0265625
8 0.68359375 0.44296875 0.0328125 0.059375
29 0.6015625 0.453125 0.0296875 0.0609375
39 0.515625 0.46328125 0.0296875 0.0578125
47 0.571875 0.69921875 0.0328125 0.0609375
31 0.51953125 0.70078125 0.034375 0.0625