55 0.2359375 0.3671875 0.0296875 0.0296875
58 0.471875 0.803125 0.0390625 0.025
58 0.5140625 0.31953125 0.0359375 0.025
58 0.86640625 0.4203125 0.0375 0.025
58 0.8734375 0.71328125 0.040625 0.025
57 0.50625 0.4140625 0.1171875 0.0296875
58 0.09375 0.64453125 0.0375 0.0234375
52 0.15 0.35625 0.046875 0.021875
20 0.69140625 0.48359375 0.0328125 0.0609375
35 0.60859375 0.475 0.03125 0.0578125
47 0.5234375 0.46875 0.03125 0.0578125
3 0.4375 0.46171875 0.0328125 0.05625
12 0.353125 0.45390625 0.0296875 0.0609375
33 0.203125 0.271875 0.028125 0.05
31 0.1546875 0.265625 0.034375 0.059375
48 0.87109375 0.32890625 0.0328125 0.05625
49 0.91796875 0.334375 0.0328125 0.0515625