55 0.440625 0.35703125 0.03125 0.0328125
58 0.53125 0.8 0.0296875 0.0296875
58 0.0828125 0.5671875 0.053125 0.0265625
52 0.921875 0.47890625 0.0484375 0.025
58 0.48125 0.31953125 0.025 0.0234375
57 0.49375 0.4140625 0.128125 0.0296875
53 0.50859375 0.56484375 0.046875 0.0234375
37 0.30859375 0.4859375 0.0296875 0.0578125
10 0.3921875 0.4765625 0.0328125 0.0609375
23 0.4765625 0.46953125 0.0328125 0.059375
11 0.56171875 0.46015625 0.0375 0.059375
30 0.64375 0.45 0.034375 0.0609375
43 0.86953125 0.3953125 0.0328125 0.05625
22 0.915625 0.3875 0.0359375 0.059375
31 0.0328125 0.4828125 0.0359375 0.0609375
29 0.078125 0.475 0.034375 0.0625