55 0.53828125 0.3484375 0.028125 0.028125
54 0.87109375 0.5953125 0.08125 0.08125
54 0.1109375 0.32890625 0.0828125 0.084375
54 0.46796875 0.24765625 0.084375 0.08125
54 0.08984375 0.6234375 0.0828125 0.0875
54 0.14453125 0.61875 0.06875 0.0765625
54 0.884375 0.30390625 0.071875 0.078125
54 0.52265625 0.24609375 0.06875 0.0765625
54 0.8296875 0.30390625 0.08125 0.08125
54 0.9234375 0.59296875 0.0703125 0.078125
58 0.50859375 0.8 0.0421875 0.028125
57 0.4953125 0.4125 0.115625 0.0265625
58 0.4921875 0.3171875 0.0359375 0.0234375
58 0.85390625 0.375 0.034375 0.0234375
54 0.1625 0.32890625 0.071875 0.0796875
53 0.2578125 0.42265625 0.01875 0.015625
52 0.8953125 0.6640625 0.046875 0.0203125
58 0.1140625 0.69140625 0.0359375 0.021875
58 0.13671875 0.4 0.0359375 0.0234375
53 0.2328125 0.6 0.0203125 0.0171875
53 0.7734375 0.58125 0.0296875 0.01875
53 0.5015625 0.625 0.021875 0.01875
41 0.55390625 0.7015625 0.0328125 0.05625