12 0.06875 0.48828125 0.0359375 0.0609375
57 0.4859375 0.41328125 0.1265625 0.0359375
52 0.47265625 0.31953125 0.0515625 0.0265625
32 0.5984375 0.45 0.0375 0.0609375
58 0.5421875 0.7984375 0.059375 0.034375
55 0.17421875 0.58671875 0.03125 0.0296875
53 0.50859375 0.56328125 0.0453125 0.0265625
8 0.68203125 0.43828125 0.034375 0.0609375
51 0.43125 0.471875 0.0359375 0.0609375
35 0.50390625 0.2234375 0.0359375 0.0578125
31 0.51484375 0.46171875 0.034375 0.0625
58 0.91953125 0.46328125 0.053125 0.028125
58 0.08359375 0.58046875 0.059375 0.0296875
27 0.115625 0.484375 0.0390625 0.059375
27 0.115625 0.484375 0.0390625 0.059375
14 0.45703125 0.2265625 0.034375 0.059375