58 0.85546875 0.375 0.0546875 0.028125
58 0.13671875 0.4 0.0515625 0.0234375
54 0.1578125 0.32890625 0.0828125 0.084375
54 0.103125 0.33125 0.071875 0.08125
54 0.8765625 0.30390625 0.084375 0.08125
55 0.22109375 0.396875 0.028125 0.028125
54 0.8234375 0.30546875 0.075 0.0796875
58 0.49375 0.3171875 0.0296875 0.025
57 0.4984375 0.4125 0.1265625 0.0234375
58 0.51015625 0.8015625 0.059375 0.0265625
58 0.896875 0.6625 0.0515625 0.0234375
58 0.115625 0.69140625 0.05 0.025
53 0.50390625 0.5640625 0.0421875 0.0203125
10 0.478125 0.46328125 0.028125 0.0578125
42 0.39375 0.46796875 0.0296875 0.059375
11 0.31015625 0.4703125 0.03125 0.0578125