54 0.7625 0.621875 0.065625 0.071875
54 0.55859375 0.24453125 0.0703125 0.0734375
54 0.81875 0.621875 0.08125 0.0796875
54 0.1828125 0.6453125 0.0671875 0.075
54 0.36328125 0.2515625 0.0671875 0.0765625
57 0.4953125 0.4140625 0.1328125 0.0265625
54 0.61328125 0.24140625 0.0796875 0.078125
54 0.2375 0.6421875 0.08125 0.0796875
54 0.21015625 0.30078125 0.08125 0.08125
53 0.38359375 0.38671875 0.040625 0.021875
54 0.15546875 0.30234375 0.0703125 0.075
54 0.41796875 0.24765625 0.08125 0.08125
53 0.54453125 0.3828125 0.040625 0.0203125
53 0.50234375 0.5640625 0.040625 0.0234375
58 0.51015625 0.8015625 0.05625 0.03125
58 0.1875 0.371875 0.0515625 0.028125
58 0.79765625 0.69453125 0.0515625 0.025
58 0.3953125 0.31953125 0.05 0.0234375
53 0.509375 0.625 0.04375 0.0234375
58 0.21796875 0.71484375 0.0515625 0.0234375
58 0.5921875 0.3140625 0.0515625 0.0234375
58 0.92109375 0.50859375 0.05 0.0234375
58 0.803125 0.3515625 0.053125 0.0265625
55 0.1953125 0.4140625 0.028125 0.028125
33 0.46015625 0.70625 0.028125 0.0609375
58 0.08046875 0.53671875 0.021875 0.021875
19 0.51171875 0.7 0.03125 0.0609375