49 0.52265625 0.696875 0.0390625 0.065625
15 0.5984375 0.4484375 0.0375 0.0609375
57 0.484375 0.4140625 0.1234375 0.0359375
55 0.83671875 0.49375 0.03125 0.03125
52 0.47265625 0.31953125 0.0515625 0.028125
42 0.51484375 0.46171875 0.034375 0.059375
52 0.91875 0.46171875 0.0484375 0.0265625
37 0.57265625 0.69296875 0.0375 0.0640625
53 0.50859375 0.56328125 0.0453125 0.0265625
58 0.5421875 0.8 0.059375 0.034375
58 0.08671875 0.58203125 0.0625 0.0296875
44 0.68203125 0.43828125 0.034375 0.0609375
13 0.43125 0.471875 0.034375 0.0609375
41 0.9484375 0.3671875 0.034375 0.05625
14 0.903125 0.37265625 0.034375 0.05625