54 0.2046875 0.30703125 0.0828125 0.0828125
55 0.8140625 0.4625 0.0328125 0.0296875
58 0.178125 0.37578125 0.0375 0.025
58 0.8375 0.421875 0.0375 0.025
58 0.47890625 0.80234375 0.0421875 0.03125
57 0.50625 0.4140625 0.10625 0.0265625
54 0.15 0.303125 0.071875 0.078125
56 0.77421875 0.83125 0.3875 0.1046875
53 0.4953125 0.565625 0.025 0.021875
4 0.48203125 0.4640625 0.03125 0.059375
42 0.3125 0.45390625 0.0296875 0.0546875
20 0.39765625 0.46015625 0.0296875 0.0578125
41 0.4390625 0.70078125 0.0296875 0.0578125
47 0.4890625 0.7015625 0.034375 0.0625