57 0.5015625 0.4140625 0.1296875 0.021875
54 0.48515625 0.24296875 0.08125 0.0765625
55 0.55703125 0.64765625 0.028125 0.028125
54 0.11171875 0.43671875 0.0703125 0.0703125
58 0.4890625 0.8046875 0.059375 0.028125
54 0.05859375 0.434375 0.08125 0.0796875
53 0.49921875 0.38125 0.0421875 0.025
53 0.490625 0.628125 0.040625 0.021875
54 0.53828125 0.246875 0.0703125 0.071875
53 0.1859375 0.4984375 0.0453125 0.0234375
52 0.07734375 0.50703125 0.0453125 0.0203125
52 0.5046875 0.3171875 0.0484375 0.025
1 0.48828125 0.7 0.0328125 0.0640625
55 0.4703125 0.59296875 0.028125 0.028125
55 0.21015625 0.46484375 0.028125 0.03125
1 0.53984375 0.7078125 0.0328125 0.0609375