26 0.10078125 0.3640625 0.034375 0.059375
57 0.51484375 0.415625 0.128125 0.0390625
53 0.48984375 0.56328125 0.04375 0.0265625
52 0.5296875 0.32109375 0.05 0.028125
55 0.8234375 0.59375 0.0328125 0.0328125
58 0.453125 0.79765625 0.0578125 0.034375
29 0.56875 0.47421875 0.0359375 0.0625
58 0.91328125 0.5890625 0.0625 0.03125
37 0.40234375 0.4484375 0.034375 0.059375
36 0.65390625 0.48984375 0.0390625 0.0625
58 0.0828125 0.4578125 0.053125 0.0296875
18 0.31875 0.43515625 0.034375 0.059375
17 0.4859375 0.4609375 0.0359375 0.0609375
4 0.54609375 0.22890625 0.0375 0.0609375
5 0.50078125 0.225 0.0359375 0.0578125
48 0.05390625 0.3609375 0.0390625 0.059375
17 0.4859375 0.4609375 0.0359375 0.0609375