37 0.52734375 0.7078125 0.0328125 0.0625
38 0.47890625 0.70234375 0.034375 0.065625
53 0.4828125 0.62890625 0.0421875 0.021875
53 0.50546875 0.384375 0.028125 0.0203125
53 0.27109375 0.3953125 0.0328125 0.0203125
55 0.78203125 0.41796875 0.03125 0.03125
58 0.8671875 0.42421875 0.0734375 0.0328125
58 0.4734375 0.80546875 0.0546875 0.03125
58 0.09375 0.64609375 0.0640625 0.028125
58 0.1515625 0.3609375 0.0625 0.025
58 0.515625 0.32265625 0.059375 0.0265625
52 0.871875 0.71328125 0.05 0.025
57 0.5078125 0.4140625 0.13125 0.034375
54 0.5515625 0.25390625 0.0796875 0.078125
54 0.496875 0.2484375 0.0859375 0.084375
54 0.846875 0.3515625 0.0859375 0.0875
54 0.9078125 0.35703125 0.071875 0.0796875
54 0.18515625 0.29375 0.078125 0.08125
54 0.1328125 0.2890625 0.0875 0.0890625