49 0.3921875 0.48046875 0.034375 0.0625
45 0.64296875 0.44921875 0.034375 0.0625
0 0.30859375 0.490625 0.034375 0.059375
20 0.47734375 0.46953125 0.034375 0.0625
48 0.5609375 0.459375 0.0359375 0.059375
55 0.4390625 0.359375 0.03125 0.0296875
54 0.090625 0.36953125 0.078125 0.0859375
54 0.14609375 0.3625 0.084375 0.084375
54 0.8703125 0.56640625 0.075 0.0859375
54 0.9234375 0.56484375 0.090625 0.096875
57 0.49140625 0.41640625 0.10625 0.0328125
53 0.509375 0.56640625 0.021875 0.021875
58 0.5390625 0.80390625 0.0453125 0.0296875
58 0.1359375 0.72734375 0.04375 0.0265625
58 0.13125 0.43515625 0.040625 0.0265625
58 0.478125 0.321875 0.0421875 0.028125
58 0.84375 0.34765625 0.0359375 0.025
58 0.91171875 0.63359375 0.040625 0.0265625