57 0.509375 0.41328125 0.128125 0.0296875
31 0.92734375 0.4578125 0.0296875 0.05625
55 0.63984375 0.359375 0.028125 0.0265625
58 0.19765625 0.6828125 0.0359375 0.025
32 0.73984375 0.6328125 0.0328125 0.05625
52 0.77734375 0.72421875 0.046875 0.0203125
28 0.3140625 0.45078125 0.0328125 0.059375
42 0.56640625 0.46875 0.0296875 0.05625
58 0.20546875 0.33984375 0.046875 0.025
58 0.07890625 0.490625 0.046875 0.025
58 0.41640625 0.3109375 0.0484375 0.025
58 0.91953125 0.55 0.0484375 0.025
58 0.6125 0.3234375 0.0359375 0.025
44 0.88203125 0.459375 0.03125 0.05625
58 0.47890625 0.80234375 0.053125 0.0296875
33 0.48203125 0.4625 0.0296875 0.059375
26 0.65078125 0.47421875 0.0296875 0.05625
12 0.78515625 0.6328125 0.0296875 0.0578125
4 0.78515625 0.6328125 0.0296875 0.0578125
29 0.396875 0.45703125 0.028125 0.059375