54 0.9453125 0.4671875 0.08125 0.0828125
57 0.5046875 0.4140625 0.1125 0.025
34 0.396875 0.45859375 0.028125 0.05625
20 0.48125 0.46171875 0.0296875 0.059375
54 0.8890625 0.46484375 0.06875 0.0765625
58 0.48984375 0.8015625 0.0546875 0.028125
55 0.15859375 0.52578125 0.0296875 0.028125
58 0.91953125 0.53671875 0.0515625 0.025
58 0.08046875 0.50703125 0.046875 0.0234375
53 0.49765625 0.5640625 0.03125 0.021875
14 0.49765625 0.7 0.0296875 0.0609375
26 0.44609375 0.7015625 0.0296875 0.0609375
30 0.3109375 0.45625 0.028125 0.05625