54 0.803125 0.2515625 0.0875 0.0875
57 0.49140625 0.41484375 0.128125 0.0359375
58 0.53671875 0.80078125 0.0609375 0.0328125
54 0.77265625 0.60234375 0.0734375 0.0828125
58 0.81328125 0.66796875 0.053125 0.028125
54 0.74921875 0.25859375 0.078125 0.084375
58 0.38203125 0.33203125 0.053125 0.028125
58 0.08515625 0.57265625 0.053125 0.028125
58 0.78828125 0.32421875 0.05625 0.03125
58 0.91953125 0.46875 0.05625 0.0296875
58 0.17734375 0.39921875 0.0546875 0.03125
58 0.57578125 0.30625 0.053125 0.028125
58 0.2375 0.73671875 0.0265625 0.0265625
54 0.828125 0.5953125 0.090625 0.0890625
55 0.84296875 0.49609375 0.034375 0.03125
53 0.509375 0.56484375 0.046875 0.025
30 0.47578125 0.46796875 0.03125 0.0578125
15 0.390625 0.47890625 0.0328125 0.0578125
19 0.30859375 0.490625 0.034375 0.0609375