58 0.5 0.803125 0.06875 0.0265625
57 0.5 0.4125 0.134375 0.0171875
55 0.4375 0.64375 0.028125 0.0265625
58 0.0796875 0.521875 0.028125 0.021875
12 0.4796875 0.4640625 0.0265625 0.0578125
52 0.5015625 0.3171875 0.0484375 0.0203125
58 0.2109375 0.7046875 0.0578125 0.0203125
58 0.2359375 0.3578125 0.05625 0.021875
53 0.5 0.5640625 0.05 0.0203125
58 0.7796875 0.3578125 0.0546875 0.021875
58 0.9203125 0.521875 0.0484375 0.021875
58 0.7890625 0.7046875 0.0578125 0.021875
35 0.0375 0.4328125 0.0296875 0.0546875
33 0.4578125 0.228125 0.025 0.053125
23 0.6484375 0.4640625 0.028125 0.05625
46 0.3109375 0.4625 0.0265625 0.05625
39 0.503125 0.225 0.0265625 0.053125
37 0.084375 0.4296875 0.025 0.05625
6 0.3953125 0.4640625 0.028125 0.05625
16 0.5640625 0.4640625 0.028125 0.0578125
6 0.3953125 0.4640625 0.028125 0.05625
16 0.5640625 0.4640625 0.028125 0.0578125
37 0.084375 0.4296875 0.025 0.053125
55 0.25625 0.659375 0.028125 0.0203125