57 0.4875 0.41328125 0.115625 0.0296875
52 0.47578125 0.31875 0.0484375 0.0265625
58 0.53515625 0.80078125 0.059375 0.0328125
54 0.9421875 0.396875 0.075 0.08125
55 0.83671875 0.50078125 0.034375 0.0328125
54 0.88828125 0.40390625 0.0875 0.0875
54 0.05390625 0.50625 0.0890625 0.090625
54 0.10625 0.49921875 0.0765625 0.08125
53 0.5125 0.62578125 0.03125 0.0203125
53 0.1875 0.54609375 0.034375 0.025
58 0.0859375 0.57421875 0.0609375 0.028125
58 0.91953125 0.4703125 0.0546875 0.0296875
13 0.51953125 0.69921875 0.0375 0.065625
15 0.56953125 0.69609375 0.0375 0.0609375