51 0.45703125 0.70234375 0.0328125 0.0609375
52 0.50703125 0.8015625 0.053125 0.0265625
57 0.5 0.4125 0.1265625 0.0203125
54 0.4640625 0.24609375 0.0671875 0.075
54 0.88984375 0.44453125 0.06875 0.075
55 0.43984375 0.64453125 0.0296875 0.0296875
54 0.94296875 0.44375 0.08125 0.0828125
54 0.51875 0.246875 0.08125 0.0828125
53 0.8140625 0.50234375 0.03125 0.021875
53 0.50546875 0.6265625 0.0421875 0.0203125
30 0.5078125 0.7 0.0296875 0.0609375
58 0.921875 0.51640625 0.059375 0.0234375
58 0.4984375 0.31875 0.05 0.028125
58 0.08046875 0.53046875 0.05 0.025
53 0.50078125 0.378125 0.03125 0.03125
55 0.528125 0.59296875 0.025 0.0265625