19 0.5234375 0.70859375 0.0375 0.0640625
57 0.50859375 0.41484375 0.134375 0.03125
55 0.5484375 0.6515625 0.0296875 0.0296875
52 0.5171875 0.31796875 0.0484375 0.0265625
52 0.46796875 0.8015625 0.0515625 0.028125
18 0.47421875 0.6984375 0.034375 0.0625
29 0.6078125 0.4765625 0.03125 0.059375
58 0.078125 0.47890625 0.0609375 0.028125
51 0.43984375 0.4578125 0.034375 0.0625
58 0.915625 0.5671875 0.0515625 0.028125
21 0.52578125 0.225 0.0328125 0.0578125
4 0.52265625 0.46640625 0.0328125 0.0625
53 0.58203125 0.6 0.0515625 0.0234375
53 0.49296875 0.565625 0.0421875 0.025
5 0.69296875 0.484375 0.0328125 0.0609375
35 0.13125 0.39375 0.0375 0.0578125
14 0.0828125 0.38671875 0.0296875 0.053125
27 0.5703125 0.2375 0.0296875 0.053125