55 0.45625 0.3515625 0.028125 0.0296875
58 0.5 0.8015625 0.0265625 0.0265625
58 0.078125 0.5234375 0.0515625 0.021875
52 0.921875 0.5234375 0.046875 0.0203125
58 0.5 0.31875 0.0234375 0.021875
57 0.503125 0.4140625 0.1265625 0.0171875
53 0.5015625 0.565625 0.0453125 0.01875
37 0.3109375 0.465625 0.0234375 0.05625
10 0.3953125 0.465625 0.0265625 0.0578125
23 0.4796875 0.4671875 0.0265625 0.05625
11 0.565625 0.4671875 0.03125 0.05625
30 0.6484375 0.465625 0.028125 0.0578125
43 0.878125 0.434375 0.028125 0.053125
22 0.925 0.43125 0.0296875 0.05625
31 0.0375 0.434375 0.0296875 0.0578125
29 0.0828125 0.43125 0.028125 0.059375