0 0.903125 0.37109375 0.034375 0.059375
48 0.51484375 0.46171875 0.0359375 0.0625
52 0.540625 0.80078125 0.05625 0.034375
34 0.68203125 0.43671875 0.034375 0.059375
57 0.4859375 0.41328125 0.1234375 0.0328125
55 0.83671875 0.49375 0.03125 0.03125
52 0.9171875 0.46171875 0.046875 0.0265625
52 0.47265625 0.31953125 0.0515625 0.0265625
12 0.0703125 0.4875 0.0359375 0.0609375
20 0.11640625 0.4859375 0.0375 0.0578125
53 0.60546875 0.575 0.0484375 0.0265625
26 0.5234375 0.6984375 0.0390625 0.0640625
53 0.50859375 0.56328125 0.0453125 0.0265625
58 0.08359375 0.58046875 0.05625 0.028125
40 0.9484375 0.365625 0.0359375 0.05625
19 0.575 0.69453125 0.0390625 0.065625
27 0.5734375 0.69453125 0.0390625 0.0640625
21 0.5984375 0.45 0.028125 0.0578125