30 0.52578125 0.696875 0.034375 0.0625
57 0.49375 0.4140625 0.11875 0.03125
43 0.56015625 0.4578125 0.0328125 0.0578125
55 0.71953125 0.61796875 0.028125 0.028125
36 0.4765625 0.70859375 0.0359375 0.0625
58 0.0859375 0.565625 0.0515625 0.0265625
58 0.921875 0.47734375 0.0484375 0.0265625
4 0.22734375 0.63828125 0.0296875 0.0515625
47 0.64375 0.4484375 0.0328125 0.0578125
58 0.23359375 0.73203125 0.05 0.0265625
58 0.81015625 0.6734375 0.0359375 0.0234375
58 0.53125 0.7984375 0.0421875 0.0296875
58 0.76171875 0.3265625 0.0375 0.025
58 0.4828125 0.31796875 0.0375 0.025
44 0.30859375 0.484375 0.0328125 0.059375
53 0.309375 0.64609375 0.03125 0.021875
33 0.18046875 0.646875 0.03125 0.0515625
10 0.47578125 0.46640625 0.0328125 0.059375
14 0.3921875 0.475 0.0328125 0.0578125