43 0.3109375 0.465625 0.0296875 0.0578125
11 0.5640625 0.46875 0.028125 0.059375
31 0.5046875 0.703125 0.03125 0.0640625
42 0.3953125 0.465625 0.0265625 0.059375
25 0.478125 0.4671875 0.021875 0.0578125
32 0.4546875 0.7078125 0.03125 0.0640625
54 0.3703125 0.2515625 0.06875 0.0796875
54 0.4265625 0.2515625 0.0796875 0.084375
55 0.840625 0.5421875 0.028125 0.0296875
57 0.5015625 0.4171875 0.128125 0.0203125
53 0.5015625 0.5671875 0.04375 0.021875
58 0.5 0.80625 0.0609375 0.028125
58 0.2109375 0.7078125 0.053125 0.0265625
58 0.0796875 0.525 0.0296875 0.0234375
58 0.1953125 0.365625 0.0546875 0.025
58 0.4015625 0.3203125 0.05625 0.0234375
58 0.596875 0.31875 0.0546875 0.0234375
58 0.8078125 0.3640625 0.0265625 0.025
58 0.9203125 0.5265625 0.053125 0.028125
58 0.790625 0.70625 0.053125 0.0265625