55 0.16328125 0.50703125 0.03125 0.0296875
58 0.08125 0.478125 0.0375 0.0234375
52 0.46953125 0.803125 0.0515625 0.0265625
58 0.5203125 0.32265625 0.0359375 0.025
57 0.51015625 0.41484375 0.115625 0.0296875
13 0.09296875 0.38515625 0.0328125 0.0609375
53 0.49296875 0.565625 0.0328125 0.0203125
17 0.48359375 0.4625 0.03125 0.0578125
49 0.48359375 0.70078125 0.034375 0.0671875
11 0.315625 0.44453125 0.034375 0.059375
51 0.43203125 0.696875 0.040625 0.0671875
32 0.046875 0.38671875 0.0375 0.059375
30 0.39921875 0.4546875 0.034375 0.059375
35 0.315625 0.44765625 0.034375 0.0609375