17 0.68828125 0.45546875 0.0296875 0.0578125
41 0.4328125 0.4703125 0.0296875 0.0578125
44 0.603125 0.46015625 0.0296875 0.059375
15 0.515625 0.46484375 0.03125 0.0578125
57 0.49375 0.4171875 0.1296875 0.028125
58 0.4890625 0.3203125 0.05625 0.028125
58 0.8515625 0.371875 0.053125 0.0234375
58 0.8984375 0.6625 0.0578125 0.028125
58 0.515625 0.80390625 0.0578125 0.03125
58 0.11953125 0.7015625 0.05625 0.028125
58 0.13359375 0.4109375 0.053125 0.0265625
53 0.50390625 0.5671875 0.0453125 0.0296875
55 0.7828125 0.61015625 0.0328125 0.034375
54 0.88046875 0.3 0.075 0.0796875
54 0.82578125 0.3046875 0.0828125 0.0859375
54 0.51640625 0.25 0.075 0.08125
54 0.46171875 0.25 0.0828125 0.08125