3 0.31484375 0.44765625 0.03125 0.0578125
54 0.128125 0.28359375 0.0765625 0.0828125
54 0.18125 0.28828125 0.084375 0.084375
8 0.5671875 0.46953125 0.03125 0.059375
57 0.5078125 0.4140625 0.1296875 0.0296875
14 0.39921875 0.4546875 0.03125 0.0578125
15 0.4828125 0.4625 0.03125 0.059375
58 0.475 0.80234375 0.05625 0.03125
58 0.1515625 0.3578125 0.0515625 0.03125
53 0.49453125 0.5640625 0.0453125 0.0234375
58 0.51796875 0.31640625 0.028125 0.0234375
58 0.8734375 0.71015625 0.053125 0.0265625
58 0.86796875 0.41796875 0.0515625 0.0265625
58 0.096875 0.64375 0.0515625 0.0265625
55 0.21328125 0.60078125 0.028125 0.028125
30 0.4875 0.7 0.0328125 0.0625
5 0.4359375 0.6984375 0.03125 0.0609375
6 0.4875 0.7 0.03125 0.0625