55 0.5328125 0.34765625 0.028125 0.025
52 0.08046875 0.55 0.046875 0.0234375
58 0.91796875 0.49296875 0.034375 0.0234375
58 0.51953125 0.80078125 0.0375 0.025
53 0.5046875 0.5640625 0.0328125 0.0203125
58 0.4859375 0.31640625 0.0375 0.025
28 0.07109375 0.4578125 0.0296875 0.05625
57 0.49375 0.4109375 0.1140625 0.025
27 0.51796875 0.4625 0.03125 0.059375
49 0.11796875 0.459375 0.028125 0.0546875
4 0.60234375 0.45859375 0.03125 0.059375
8 0.6859375 0.45078125 0.0296875 0.0578125
22 0.9109375 0.39921875 0.03125 0.05625
20 0.43359375 0.46875 0.0296875 0.0578125
46 0.95859375 0.40078125 0.0296875 0.0546875
46 0.9578125 0.39921875 0.0296875 0.0546875
29 0.34921875 0.47421875 0.025 0.05625