55 0.840625 0.5296875 0.028125 0.028125
58 0.4984375 0.8046875 0.0515625 0.025
58 0.0796875 0.525 0.0484375 0.0203125
58 0.778125 0.3609375 0.05 0.021875
52 0.790625 0.7078125 0.046875 0.0203125
58 0.921875 0.521875 0.0359375 0.01875
57 0.503125 0.4140625 0.125 0.0171875
53 0.5 0.5671875 0.04375 0.0203125
11 0.9234375 0.4296875 0.028125 0.0546875
39 0.3109375 0.4640625 0.028125 0.0578125
19 0.746875 0.6140625 0.0296875 0.053125
22 0.8765625 0.4328125 0.0265625 0.0546875
11 0.9234375 0.4296875 0.0296875 0.0546875
27 0.4796875 0.465625 0.0265625 0.0578125
22 0.3953125 0.465625 0.025 0.0609375
18 0.79375 0.6140625 0.028125 0.053125