57 0.4984375 0.4125 0.115625 0.0171875
54 0.0859375 0.60625 0.078125 0.078125
54 0.1421875 0.60625 0.0640625 0.0734375
53 0.5 0.5640625 0.0296875 0.01875
55 0.7921875 0.3984375 0.0265625 0.0265625
39 0.6046875 0.4640625 0.0265625 0.05625
18 0.5203125 0.4640625 0.0265625 0.05625
53 0.4953125 0.625 0.021875 0.01875
58 0.109375 0.6765625 0.034375 0.021875
58 0.890625 0.678125 0.0484375 0.021875
58 0.2265625 0.3578125 0.0484375 0.021875
58 0.7734375 0.3546875 0.0328125 0.021875
33 0.546875 0.7046875 0.0265625 0.059375
58 0.4984375 0.8015625 0.040625 0.0234375
17 0.4953125 0.7 0.0265625 0.059375
7 0.6890625 0.4640625 0.028125 0.0578125