53 0.49296875 0.56171875 0.0484375 0.028125
54 0.6546875 0.26484375 0.0875 0.0875
54 0.115625 0.3953125 0.0875 0.0859375
54 0.6015625 0.25859375 0.075 0.0828125
54 0.06171875 0.3875 0.078125 0.084375
54 0.196875 0.24453125 0.0828125 0.0875
54 0.24921875 0.2515625 0.0890625 0.0890625
58 0.0828125 0.46171875 0.0546875 0.028125
57 0.5140625 0.41171875 0.1265625 0.0375
55 0.64921875 0.36796875 0.03125 0.0296875
58 0.4296875 0.30390625 0.05625 0.0328125
58 0.8234375 0.4015625 0.053125 0.0296875
58 0.759375 0.73984375 0.028125 0.025
56 0.75234375 0.84609375 0.3953125 0.1328125
58 0.1859375 0.659375 0.028125 0.0265625
58 0.91484375 0.57890625 0.05625 0.03125
58 0.21640625 0.31796875 0.0546875 0.03125
8 0.31796875 0.43671875 0.034375 0.0609375
58 0.6234375 0.33125 0.0546875 0.028125
58 0.45859375 0.796875 0.0625 0.0390625
44 0.5703125 0.471875 0.0328125 0.0578125
47 0.42578125 0.69296875 0.0390625 0.0625
39 0.48515625 0.46015625 0.034375 0.0609375
31 0.4765625 0.7 0.0359375 0.0640625
29 0.40078125 0.4515625 0.03125 0.0609375