12 0.925 0.428125 0.028125 0.0578125
57 0.5015625 0.4125 0.125 0.01875
52 0.5015625 0.3171875 0.0484375 0.0203125
32 0.3953125 0.4640625 0.0296875 0.0578125
58 0.5 0.8015625 0.05625 0.0265625
55 0.834375 0.540625 0.028125 0.0265625
53 0.5 0.5640625 0.0421875 0.0203125
8 0.3109375 0.4640625 0.0265625 0.0578125
51 0.5640625 0.4625 0.028125 0.0578125
35 0.4578125 0.2265625 0.028125 0.0546875
31 0.4796875 0.4640625 0.0265625 0.059375
58 0.0796875 0.521875 0.05 0.021875
58 0.9234375 0.521875 0.05625 0.021875
27 0.878125 0.43125 0.03125 0.05625
27 0.878125 0.43125 0.03125 0.05625
14 0.5046875 0.2234375 0.0265625 0.05625