54 0.12265625 0.5578125 0.0875 0.0875
54 0.06640625 0.55078125 0.0765625 0.0859375
58 0.08828125 0.6234375 0.0515625 0.0265625
55 0.75625 0.6625 0.0328125 0.03125
58 0.4578125 0.8015625 0.0609375 0.0375
58 0.1609375 0.340625 0.053125 0.028125
58 0.86171875 0.73046875 0.053125 0.0296875
57 0.51328125 0.41484375 0.128125 0.0359375
58 0.525 0.3203125 0.05625 0.0296875
58 0.87109375 0.43984375 0.0546875 0.028125
53 0.49140625 0.56328125 0.046875 0.0296875
56 0.75234375 0.84765625 0.390625 0.134375
29 0.3171875 0.44140625 0.034375 0.0609375
45 0.40078125 0.453125 0.03125 0.059375
40 0.484375 0.46484375 0.0328125 0.059375
28 0.4265625 0.69765625 0.0375 0.0625
23 0.4765625 0.7 0.0375 0.0640625