55 0.43359375 0.35859375 0.0296875 0.0265625
52 0.91953125 0.45390625 0.0484375 0.0265625
58 0.09140625 0.58671875 0.0359375 0.0265625
58 0.5484375 0.79765625 0.0390625 0.0265625
53 0.51015625 0.56328125 0.034375 0.0234375
58 0.47265625 0.31796875 0.0390625 0.0265625
28 0.90859375 0.3625 0.034375 0.0578125
57 0.4859375 0.41171875 0.1140625 0.034375
27 0.47421875 0.46796875 0.0359375 0.0609375
49 0.86328125 0.37421875 0.0328125 0.05625
4 0.39140625 0.4828125 0.0359375 0.0609375
8 0.3078125 0.49375 0.034375 0.059375
22 0.0765625 0.49453125 0.0359375 0.0578125
20 0.5578125 0.4546875 0.034375 0.059375
46 0.03125 0.50625 0.034375 0.05625
46 0.03125 0.5046875 0.034375 0.05625
29 0.640625 0.44140625 0.0296875 0.0578125