6 0.09140625 0.3640625 0.0359375 0.059375
57 0.51171875 0.41484375 0.1265625 0.0375
20 0.35703125 0.44375 0.0359375 0.059375
34 0.5140625 0.7109375 0.040625 0.065625
55 0.8234375 0.5953125 0.03125 0.03125
52 0.0796875 0.45703125 0.0515625 0.028125
52 0.52734375 0.31953125 0.0515625 0.028125
58 0.45234375 0.80078125 0.059375 0.034375
58 0.9109375 0.590625 0.0546875 0.03125
43 0.525 0.47109375 0.034375 0.059375
18 0.4421875 0.45625 0.034375 0.0578125
53 0.48828125 0.56484375 0.04375 0.025
7 0.60859375 0.48359375 0.0359375 0.0609375
1 0.6921875 0.4953125 0.034375 0.059375
14 0.4640625 0.6984375 0.0375 0.0640625
9 0.13671875 0.37578125 0.034375 0.0578125