54 0.92890625 0.375 0.090625 0.0921875
57 0.48671875 0.41484375 0.1140625 0.0390625
34 0.390625 0.48125 0.0359375 0.0578125
20 0.4734375 0.46640625 0.0375 0.0625
54 0.8734375 0.38515625 0.078125 0.0859375
58 0.55234375 0.796875 0.05625 0.0359375
55 0.17109375 0.59609375 0.0328125 0.03125
58 0.91796875 0.4484375 0.053125 0.03125
58 0.09140625 0.59453125 0.05 0.0296875
53 0.5109375 0.56328125 0.034375 0.025
14 0.5390625 0.69609375 0.0375 0.0640625
26 0.4890625 0.7078125 0.0375 0.0640625
30 0.30546875 0.49609375 0.0359375 0.0578125