49 0.5046875 0.6984375 0.03125 0.0625
15 0.3953125 0.4625 0.0296875 0.0578125
57 0.503125 0.4125 0.121875 0.0171875
55 0.165625 0.540625 0.028125 0.028125
52 0.5015625 0.3171875 0.046875 0.0203125
52 0.0796875 0.5203125 0.0453125 0.0203125
42 0.4796875 0.4625 0.0265625 0.05625
58 0.5 0.803125 0.05625 0.0265625
58 0.9203125 0.5234375 0.059375 0.021875
44 0.3109375 0.4640625 0.0265625 0.0578125
53 0.5015625 0.5640625 0.0421875 0.0203125
37 0.4546875 0.7015625 0.028125 0.059375
41 0.0375 0.43125 0.0265625 0.053125
13 0.0828125 0.4296875 0.0265625 0.0578125