55 0.784375 0.396875 0.0265625 0.0265625
58 0.0796875 0.525 0.05 0.01875
58 0.5 0.8046875 0.0546875 0.025
58 0.9203125 0.525 0.05 0.021875
33 0.4578125 0.228125 0.0265625 0.053125
47 0.503125 0.225 0.0265625 0.0546875
57 0.5015625 0.4125 0.125 0.01875
58 0.7796875 0.359375 0.0484375 0.0203125
58 0.5 0.315625 0.0484375 0.021875
58 0.7890625 0.709375 0.0453125 0.021875
53 0.5 0.5640625 0.0421875 0.01875
32 0.3953125 0.465625 0.0265625 0.0546875
27 0.6484375 0.4640625 0.0265625 0.0578125
35 0.1921875 0.26875 0.028125 0.0546875
15 0.2375 0.265625 0.028125 0.05625
2 0.309375 0.465625 0.028125 0.05625
41 0.4796875 0.4671875 0.028125 0.0578125
4 0.565625 0.46875 0.028125 0.059375
52 0.2359375 0.3578125 0.0453125 0.0203125