0 0.31171875 0.4625 0.0296875 0.059375
33 0.87890625 0.4390625 0.028125 0.0546875
57 0.503125 0.4140625 0.1234375 0.0203125
52 0.92109375 0.53046875 0.046875 0.0203125
49 0.39609375 0.4640625 0.028125 0.05625
53 0.49921875 0.565625 0.0421875 0.021875
55 0.83359375 0.54765625 0.0265625 0.0234375
52 0.08125 0.51484375 0.0453125 0.021875
52 0.5046875 0.3171875 0.0484375 0.021875
58 0.49453125 0.8046875 0.05625 0.0265625
47 0.44921875 0.70546875 0.0328125 0.0625
44 0.50078125 0.7015625 0.0296875 0.0609375
24 0.48046875 0.465625 0.0296875 0.059375
9 0.084375 0.42265625 0.028125 0.05625
25 0.92578125 0.4375 0.028125 0.05625
15 0.0390625 0.425 0.0328125 0.05625