22 0.609375 0.48125 0.034375 0.059375
42 0.51484375 0.7078125 0.0390625 0.0640625
57 0.51171875 0.41484375 0.1171875 0.034375
52 0.08046875 0.45390625 0.0484375 0.0265625
18 0.09140625 0.3609375 0.034375 0.0578125
55 0.821875 0.59375 0.034375 0.0328125
52 0.453125 0.79765625 0.05625 0.034375
58 0.528125 0.32109375 0.0296875 0.025
58 0.91015625 0.58828125 0.0390625 0.025
24 0.52578125 0.46796875 0.0375 0.0625
53 0.48984375 0.56484375 0.0359375 0.025
29 0.4640625 0.6984375 0.0359375 0.0640625
17 0.4640625 0.6984375 0.0359375 0.0640625
1 0.6921875 0.496875 0.0375 0.0625
45 0.13671875 0.37734375 0.0359375 0.05625