30 0.4328125 0.47265625 0.0328125 0.0578125
32 0.953125 0.38515625 0.0359375 0.0609375
57 0.48984375 0.41484375 0.125 0.0296875
58 0.0828125 0.565625 0.0515625 0.0265625
58 0.9203125 0.4796875 0.0515625 0.0265625
4 0.51484375 0.4625 0.0328125 0.0625
53 0.50703125 0.5640625 0.0453125 0.025
2 0.3484375 0.4796875 0.0328125 0.059375
55 0.16484375 0.56640625 0.03125 0.0296875
52 0.5296875 0.8 0.053125 0.03125
58 0.23359375 0.73359375 0.0484375 0.0265625
44 0.56640625 0.69921875 0.034375 0.0625
27 0.684375 0.44453125 0.0328125 0.059375
27 0.6 0.453125 0.0328125 0.059375
31 0.684375 0.44453125 0.0328125 0.0609375
7 0.6015625 0.453125 0.0328125 0.059375
16 0.90546875 0.38515625 0.034375 0.0609375
38 0.51640625 0.69921875 0.034375 0.0625