55 0.6515625 0.371875 0.03125 0.0296875
54 0.21640625 0.59140625 0.090625 0.0890625
58 0.45234375 0.79921875 0.0625 0.0359375
54 0.2546875 0.24921875 0.090625 0.0921875
54 0.19921875 0.240625 0.0796875 0.084375
58 0.1828125 0.65703125 0.0546875 0.0328125
54 0.1609375 0.58046875 0.0765625 0.08125
57 0.51484375 0.4140625 0.1265625 0.0390625
58 0.21796875 0.31484375 0.0546875 0.0328125
58 0.08125 0.45546875 0.0546875 0.0296875
58 0.4328125 0.30390625 0.0546875 0.0296875
58 0.91328125 0.5890625 0.0578125 0.0296875
53 0.48984375 0.56328125 0.046875 0.028125
58 0.75546875 0.74609375 0.053125 0.0296875
58 0.62578125 0.33359375 0.0546875 0.0296875
58 0.82578125 0.409375 0.0296875 0.0265625
44 0.31875 0.43671875 0.034375 0.0578125
0 0.4859375 0.4609375 0.0359375 0.0625
38 0.56875 0.47421875 0.034375 0.059375
24 0.40234375 0.45 0.0375 0.0625