24 0.68984375 0.471875 0.03125 0.059375
20 0.78359375 0.6171875 0.034375 0.0578125
40 0.0765625 0.42578125 0.0296875 0.05625
49 0.60546875 0.46875 0.028125 0.05625
26 0.43671875 0.46640625 0.0265625 0.0546875
34 0.1234375 0.4296875 0.03125 0.05625
23 0.52265625 0.465625 0.0296875 0.0546875
31 0.82890625 0.62265625 0.03125 0.0578125
58 0.91953125 0.53203125 0.0515625 0.0265625
58 0.503125 0.321875 0.0359375 0.0265625
58 0.22265625 0.3546875 0.040625 0.021875
58 0.20546875 0.70078125 0.0359375 0.021875
58 0.49296875 0.80625 0.0421875 0.025
58 0.78515625 0.7140625 0.0484375 0.0234375
55 0.70234375 0.64609375 0.028125 0.028125
57 0.5015625 0.4171875 0.1125 0.021875
52 0.0796875 0.51796875 0.0484375 0.0234375