57 0.4890625 0.41328125 0.1265625 0.03125
54 0.2015625 0.66328125 0.0859375 0.0859375
54 0.17578125 0.3171875 0.0875 0.0859375
54 0.25546875 0.65625 0.071875 0.0796875
54 0.23203125 0.31171875 0.0765625 0.08125
13 0.51796875 0.46171875 0.0296875 0.0578125
47 0.6 0.453125 0.0328125 0.0609375
58 0.53203125 0.8015625 0.0546875 0.0296875
58 0.23203125 0.73359375 0.0359375 0.0234375
58 0.91875 0.4796875 0.0484375 0.025
58 0.20859375 0.3859375 0.053125 0.0296875
53 0.50546875 0.5640625 0.0421875 0.025
58 0.74765625 0.3296875 0.0359375 0.0234375
58 0.48125 0.31953125 0.0515625 0.0265625
58 0.80859375 0.6734375 0.0484375 0.0265625
55 0.57890625 0.6359375 0.028125 0.0265625
15 0.3484375 0.4796875 0.0328125 0.0578125
50 0.4328125 0.47109375 0.0328125 0.0578125
5 0.684375 0.44453125 0.0328125 0.059375