57 0.51015625 0.41484375 0.128125 0.0328125
54 0.7421875 0.659375 0.0703125 0.0796875
54 0.946875 0.4953125 0.0859375 0.084375
54 0.890625 0.490625 0.0734375 0.08125
54 0.7984375 0.66484375 0.0859375 0.084375
55 0.64453125 0.3640625 0.0296875 0.028125
58 0.19140625 0.671875 0.0359375 0.025
58 0.915625 0.565625 0.0484375 0.0265625
58 0.21171875 0.3296875 0.046875 0.0265625
58 0.0796875 0.4765625 0.046875 0.0265625
58 0.76796875 0.73203125 0.046875 0.0265625
42 0.56796875 0.46953125 0.0328125 0.0578125
58 0.42265625 0.3078125 0.0484375 0.0265625
28 0.315625 0.44453125 0.034375 0.0609375
58 0.61875 0.32734375 0.0359375 0.025
58 0.46875 0.8 0.05625 0.03125
33 0.48359375 0.4625 0.0328125 0.0609375
53 0.49453125 0.5640625 0.0421875 0.0234375
29 0.4 0.453125 0.03125 0.059375