53 0.4890625 0.56171875 0.0484375 0.028125
54 0.42109375 0.2296875 0.0890625 0.0890625
54 0.8984375 0.5125 0.0890625 0.0875
54 0.4734375 0.23984375 0.0765625 0.084375
54 0.95234375 0.52109375 0.0796875 0.084375
54 0.86484375 0.34453125 0.0828125 0.0890625
54 0.8125 0.3359375 0.0890625 0.090625
58 0.91015625 0.5859375 0.0546875 0.0296875
57 0.5125 0.41171875 0.1265625 0.0390625
55 0.3953125 0.3296875 0.03125 0.03125
58 0.62421875 0.3328125 0.05625 0.0328125
58 0.21953125 0.31171875 0.053125 0.03125
58 0.18125 0.65390625 0.028125 0.025
56 0.17734375 0.75703125 0.3546875 0.1390625
58 0.75390625 0.74453125 0.028125 0.0265625
58 0.08046875 0.45390625 0.05625 0.03125
58 0.82421875 0.409375 0.0546875 0.0328125
8 0.69296875 0.4921875 0.0359375 0.0609375
58 0.43125 0.30234375 0.0546875 0.0296875
58 0.453125 0.79609375 0.0640625 0.040625
44 0.44140625 0.45234375 0.0328125 0.0578125
47 0.51484375 0.70625 0.040625 0.0640625
39 0.52578125 0.46640625 0.0359375 0.0609375
31 0.4640625 0.6984375 0.0375 0.0640625
29 0.60859375 0.4828125 0.0328125 0.0609375