55 0.77421875 0.37265625 0.028125 0.028125
58 0.08359375 0.56171875 0.0515625 0.0234375
58 0.5265625 0.80390625 0.05625 0.0296875
58 0.92109375 0.48828125 0.0515625 0.0265625
33 0.434375 0.2328125 0.03125 0.0546875
47 0.47890625 0.22578125 0.03125 0.05625
57 0.49375 0.4125 0.1265625 0.0296875
58 0.76640625 0.33515625 0.05 0.025
58 0.48359375 0.31640625 0.05 0.0265625
58 0.80625 0.68359375 0.046875 0.025
53 0.50546875 0.5640625 0.04375 0.021875
32 0.39296875 0.475 0.03125 0.05625
27 0.64453125 0.4515625 0.03125 0.059375
35 0.1734375 0.29609375 0.0328125 0.05625
15 0.21796875 0.2890625 0.0328125 0.0578125
2 0.30703125 0.48203125 0.0328125 0.0578125
41 0.4765625 0.46875 0.0328125 0.059375
4 0.5625 0.46328125 0.0328125 0.0609375
52 0.22421875 0.38125 0.046875 0.0234375