57 0.5015625 0.4125 0.128125 0.021875
36 0.4359375 0.46171875 0.0296875 0.059375
12 0.078125 0.41328125 0.0296875 0.059375
55 0.8328125 0.55078125 0.0328125 0.03125
52 0.5046875 0.3171875 0.0484375 0.021875
53 0.49765625 0.5625 0.04375 0.021875
58 0.91953125 0.53515625 0.05 0.021875
58 0.48984375 0.8015625 0.0578125 0.028125
21 0.521875 0.46484375 0.028125 0.0578125
11 0.353125 0.45859375 0.03125 0.0578125
37 0.60625 0.46640625 0.0265625 0.059375
48 0.12265625 0.41953125 0.0328125 0.059375
24 0.68984375 0.4703125 0.03125 0.0609375
45 0.96640625 0.44453125 0.03125 0.0515625
58 0.07578125 0.50859375 0.05625 0.021875
1 0.91953125 0.43984375 0.025 0.05