57 0.5125 0.41328125 0.1265625 0.034375
54 0.79609375 0.66875 0.0875 0.0875
54 0.82734375 0.32265625 0.0890625 0.0875
54 0.74140625 0.66015625 0.071875 0.08125
54 0.77109375 0.31640625 0.078125 0.0828125
13 0.4828125 0.46171875 0.0296875 0.059375
47 0.40078125 0.4515625 0.0328125 0.0609375
58 0.46328125 0.80078125 0.05625 0.03125
58 0.76328125 0.73828125 0.0359375 0.025
58 0.08125 0.471875 0.0484375 0.0265625
58 0.79375 0.39140625 0.0546875 0.03125
53 0.49375 0.5640625 0.0421875 0.025
58 0.25546875 0.325 0.0359375 0.025
58 0.521875 0.3203125 0.0515625 0.028125
58 0.18828125 0.66796875 0.0484375 0.028125
55 0.41875 0.63515625 0.0296875 0.0265625
15 0.6515625 0.48203125 0.0328125 0.0578125
50 0.56796875 0.471875 0.0328125 0.0578125
5 0.31640625 0.44140625 0.0328125 0.059375