58 0.50546875 0.8046875 0.0578125 0.0265625
54 0.82421875 0.63046875 0.065625 0.075
54 0.76953125 0.63125 0.0796875 0.078125
58 0.79453125 0.70078125 0.0515625 0.025
54 0.4265625 0.25 0.0671875 0.075
58 0.9203125 0.51640625 0.05 0.0234375
54 0.3734375 0.24921875 0.0796875 0.078125
58 0.18984375 0.36796875 0.0515625 0.025
58 0.08046875 0.53046875 0.053125 0.0234375
58 0.59375 0.3171875 0.0515625 0.021875
57 0.496875 0.4140625 0.1265625 0.0203125
55 0.36796875 0.35390625 0.028125 0.025
58 0.21328125 0.7109375 0.05 0.0234375
58 0.3984375 0.3203125 0.0515625 0.0234375
53 0.50078125 0.565625 0.0421875 0.01875
58 0.80546875 0.35703125 0.0265625 0.01875
8 0.68671875 0.4640625 0.028125 0.05625
16 0.60390625 0.465625 0.025 0.05625
32 0.51953125 0.4671875 0.03125 0.059375
34 0.43515625 0.46796875 0.028125 0.0578125
25 0.35078125 0.46796875 0.025 0.0546875