57 0.50625 0.4140625 0.1296875 0.028125
12 0.92890625 0.459375 0.0328125 0.059375
55 0.83046875 0.5671875 0.03125 0.028125
20 0.0890625 0.40078125 0.0328125 0.0578125
52 0.08046875 0.49296875 0.0453125 0.021875
58 0.47890625 0.80234375 0.059375 0.03125
52 0.5140625 0.31953125 0.05 0.025
53 0.4953125 0.565625 0.0453125 0.0234375
58 0.91875 0.5546875 0.025 0.0203125
30 0.4765625 0.22578125 0.03125 0.0546875
38 0.88203125 0.4609375 0.0296875 0.05625
25 0.04140625 0.40078125 0.028125 0.05625
27 0.521875 0.22734375 0.025 0.0546875