49 0.30859375 0.49375 0.0359375 0.0625
25 0.55859375 0.45703125 0.0359375 0.05625
33 0.48125 0.7125 0.0359375 0.0609375
44 0.3921875 0.48359375 0.034375 0.059375
30 0.4765625 0.46875 0.0390625 0.0578125
19 0.5328125 0.70078125 0.0375 0.059375
54 0.20234375 0.68359375 0.0796875 0.0859375
54 0.25625 0.675 0.0890625 0.0953125
54 0.33828125 0.271875 0.078125 0.0859375
54 0.3921875 0.2625 0.090625 0.0921875
54 0.52890625 0.24375 0.075 0.084375
54 0.5859375 0.23359375 0.0859375 0.0859375
55 0.18828125 0.44921875 0.03125 0.028125
53 0.37578125 0.40234375 0.046875 0.0265625
53 0.53359375 0.38125 0.04375 0.025
53 0.509375 0.56796875 0.05 0.0296875
58 0.37734375 0.3375 0.0578125 0.0359375
58 0.57265625 0.30859375 0.05625 0.0296875
58 0.7859375 0.32421875 0.059375 0.034375
58 0.91953125 0.46796875 0.0546875 0.0296875
58 0.81640625 0.6640625 0.0546875 0.0296875
58 0.54296875 0.803125 0.0609375 0.0390625
58 0.24453125 0.74609375 0.059375 0.0296875
58 0.0890625 0.584375 0.0296875 0.0265625
58 0.178125 0.4078125 0.0296875 0.0296875
56 0.821875 0.76875 0.35625 0.13125
57 0.48984375 0.41484375 0.1296875 0.0390625