57 0.509375 0.41328125 0.1171875 0.0328125
54 0.23203125 0.2484375 0.0875 0.0875
54 0.13203125 0.56171875 0.071875 0.08125
54 0.07578125 0.5546875 0.0875 0.0875
54 0.2859375 0.2546875 0.075 0.08125
49 0.52265625 0.7109375 0.0359375 0.0625
58 0.86484375 0.72265625 0.0375 0.0265625
51 0.6921875 0.4859375 0.0359375 0.0609375
58 0.0890625 0.62734375 0.0359375 0.025
10 0.525 0.465625 0.034375 0.0609375
55 0.740625 0.65703125 0.03125 0.0296875
58 0.46171875 0.79921875 0.05625 0.03125
33 0.440625 0.45625 0.034375 0.0625
58 0.7890625 0.390625 0.0390625 0.0265625
29 0.47109375 0.69765625 0.034375 0.065625
58 0.24609375 0.32265625 0.0390625 0.0265625
53 0.4921875 0.56484375 0.0359375 0.025
21 0.61015625 0.47734375 0.0328125 0.059375