35 0.56640625 0.465625 0.0328125 0.059375
57 0.5078125 0.409375 0.1296875 0.0265625
44 0.3140625 0.44921875 0.0296875 0.0578125
36 0.65234375 0.4734375 0.03125 0.0609375
58 0.47890625 0.80078125 0.059375 0.0328125
12 0.48203125 0.4609375 0.03125 0.059375
53 0.49609375 0.5609375 0.04375 0.021875
58 0.87734375 0.7046875 0.053125 0.025
58 0.15078125 0.3609375 0.053125 0.0234375
58 0.09921875 0.65078125 0.05 0.0234375
33 0.83046875 0.31953125 0.0265625 0.0546875
58 0.51484375 0.31484375 0.053125 0.025
58 0.86640625 0.409375 0.053125 0.028125
55 0.23359375 0.3703125 0.028125 0.0296875
58 0.15078125 0.3625 0.053125 0.0265625
19 0.3984375 0.45546875 0.0296875 0.0578125
47 0.84140625 0.61171875 0.03125 0.0578125
39 0.88828125 0.61015625 0.0328125 0.0578125
25 0.87578125 0.31796875 0.0265625 0.05625