52 0.52421875 0.31875 0.0515625 0.028125
55 0.41875 0.63671875 0.03125 0.03125
58 0.9140625 0.57578125 0.05 0.028125
58 0.4625 0.80234375 0.0296875 0.028125
58 0.0796875 0.471875 0.053125 0.028125
57 0.51328125 0.41484375 0.13125 0.034375
53 0.49375 0.5671875 0.046875 0.025
22 0.56796875 0.471875 0.0328125 0.059375
10 0.484375 0.46171875 0.0328125 0.0578125
18 0.40078125 0.4515625 0.0328125 0.0609375
3 0.49140625 0.225 0.034375 0.0578125
47 0.93046875 0.48046875 0.0328125 0.0578125
41 0.88359375 0.478125 0.03125 0.0578125
2 0.53828125 0.22890625 0.03125 0.05625
29 0.31484375 0.44296875 0.034375 0.0625