54 0.13125 0.56796875 0.071875 0.078125
56 0.1828125 0.77578125 0.365625 0.1171875
54 0.07734375 0.5625 0.0859375 0.0859375
53 0.48203125 0.625 0.0421875 0.021875
57 0.50859375 0.41484375 0.1328125 0.034375
54 0.853125 0.3515625 0.0859375 0.0859375
55 0.559375 0.35703125 0.0296875 0.0296875
58 0.86875 0.42734375 0.05 0.0265625
58 0.46875 0.8 0.0578125 0.034375
53 0.2234375 0.56171875 0.04375 0.025
58 0.09296875 0.634375 0.05 0.0265625
54 0.9078125 0.359375 0.0765625 0.0828125
53 0.27421875 0.38984375 0.0421875 0.0234375
58 0.1546875 0.35078125 0.0515625 0.0265625
53 0.74375 0.4390625 0.0453125 0.0234375
58 0.86953125 0.71796875 0.05 0.0265625
58 0.51875 0.31796875 0.053125 0.028125
44 0.5234375 0.70859375 0.034375 0.0625
29 0.47421875 0.6984375 0.03125 0.0609375