9 0.4796875 0.465625 0.0234375 0.0578125
57 0.5015625 0.4140625 0.125 0.01875
12 0.5640625 0.465625 0.0265625 0.059375
43 0.6484375 0.4640625 0.028125 0.0578125
31 0.746875 0.615625 0.028125 0.0578125
58 0.5015625 0.8046875 0.0609375 0.0265625
35 0.878125 0.4328125 0.0296875 0.0546875
55 0.8390625 0.53125 0.028125 0.0265625
58 0.08125 0.521875 0.0578125 0.0234375
58 0.234375 0.3578125 0.0484375 0.0234375
58 0.2109375 0.7046875 0.05 0.0234375
58 0.5015625 0.31875 0.05 0.0234375
58 0.7890625 0.7046875 0.0578125 0.021875
58 0.7796875 0.3578125 0.05625 0.021875
58 0.921875 0.521875 0.05625 0.021875
15 0.3953125 0.4640625 0.0265625 0.059375
25 0.3109375 0.4640625 0.025 0.0578125
21 0.79375 0.6140625 0.025 0.0515625
25 0.3109375 0.4640625 0.025 0.0578125
53 0.5 0.5640625 0.0421875 0.0203125
45 0.925 0.43125 0.0234375 0.0515625