3 0.3109375 0.45625 0.028125 0.0578125
54 0.80390625 0.29453125 0.08125 0.08125
54 0.0765625 0.58984375 0.0671875 0.075
54 0.91015625 0.6203125 0.08125 0.08125
54 0.85390625 0.6203125 0.0671875 0.075
57 0.503125 0.4125 0.1125 0.021875
32 0.396875 0.46015625 0.0328125 0.059375
54 0.13125 0.5921875 0.08125 0.08125
54 0.74921875 0.29296875 0.0703125 0.0734375
58 0.1046875 0.6625 0.034375 0.0234375
55 0.7953125 0.40859375 0.028125 0.028125
53 0.49765625 0.5625 0.03125 0.021875
58 0.884375 0.68984375 0.0453125 0.0234375
58 0.49140625 0.8015625 0.0390625 0.028125
58 0.778125 0.3640625 0.0328125 0.0234375
58 0.23359375 0.3453125 0.034375 0.0234375
56 0.7890625 0.81328125 0.390625 0.0890625
49 0.49765625 0.6984375 0.0296875 0.0609375
50 0.49765625 0.6984375 0.03125 0.0609375
24 0.48125 0.46328125 0.0296875 0.0625
40 0.44765625 0.7 0.03125 0.0609375