11 0.4796875 0.4640625 0.028125 0.059375
51 0.453125 0.7140625 0.03125 0.05625
57 0.5015625 0.4125 0.1171875 0.01875
12 0.3109375 0.4640625 0.028125 0.0578125
47 0.5640625 0.4640625 0.028125 0.0578125
1 0.3953125 0.4640625 0.025 0.05625
58 0.1109375 0.6765625 0.0328125 0.0203125
55 0.4359375 0.64375 0.0265625 0.025
52 0.890625 0.6765625 0.0453125 0.021875
58 0.7734375 0.35625 0.05 0.021875
58 0.228125 0.35625 0.046875 0.021875
29 0.6484375 0.4640625 0.025 0.0578125
58 0.5015625 0.8015625 0.0515625 0.025
35 0.8484375 0.5859375 0.0296875 0.05
53 0.5 0.5640625 0.03125 0.01875
23 0.5046875 0.7140625 0.0296875 0.0609375
7 0.7765625 0.2609375 0.0265625 0.0546875
13 0.89375 0.58125 0.021875 0.0484375
35 0.846875 0.584375 0.0296875 0.05
27 0.73125 0.265625 0.0296875 0.0578125