54 0.81875 0.621875 0.0828125 0.08125
57 0.4984375 0.4125 0.115625 0.025
54 0.184375 0.64375 0.06875 0.075
54 0.7640625 0.6234375 0.0671875 0.075
54 0.2375 0.6421875 0.0828125 0.0796875
54 0.19609375 0.29453125 0.06875 0.075
54 0.8875 0.43828125 0.06875 0.078125
54 0.7390625 0.27421875 0.0703125 0.075
54 0.79375 0.27265625 0.08125 0.0796875
54 0.103125 0.4640625 0.08125 0.08125
54 0.0484375 0.465625 0.0703125 0.075
54 0.25078125 0.29453125 0.0828125 0.0828125
54 0.94140625 0.434375 0.0828125 0.08125
58 0.92265625 0.50546875 0.0578125 0.025
53 0.50234375 0.5625 0.03125 0.0203125
53 0.2984375 0.41484375 0.0265625 0.01875
58 0.51171875 0.8015625 0.0671875 0.0296875
55 0.1625 0.54296875 0.0296875 0.0296875
58 0.08046875 0.53515625 0.05 0.0234375
58 0.23125 0.365625 0.0578125 0.025
58 0.79609375 0.69296875 0.0578125 0.021875
58 0.21796875 0.71328125 0.05 0.0234375
53 0.653125 0.40234375 0.028125 0.01875
58 0.77265625 0.3453125 0.05625 0.0234375
30 0.51171875 0.7 0.028125 0.0578125
26 0.51171875 0.7 0.0296875 0.0578125
27 0.46015625 0.7046875 0.0328125 0.0625