54 0.14453125 0.6171875 0.065625 0.078125
54 0.08671875 0.61640625 0.08125 0.0796875
52 0.89375 0.67265625 0.04375 0.0171875
55 0.22421875 0.6296875 0.03125 0.0265625
57 0.496875 0.4140625 0.1359375 0.0203125
58 0.50390625 0.8046875 0.0671875 0.028125
58 0.1125 0.68671875 0.059375 0.0234375
58 0.1390625 0.396875 0.059375 0.0234375
54 0.1140625 0.32421875 0.084375 0.0796875
54 0.16875 0.32421875 0.0703125 0.0765625
58 0.85546875 0.3828125 0.059375 0.0234375
58 0.496875 0.31875 0.059375 0.0234375
53 0.50078125 0.565625 0.040625 0.0171875
4 0.68828125 0.4640625 0.0265625 0.05625
17 0.60546875 0.4640625 0.0265625 0.0578125
32 0.51953125 0.4671875 0.0296875 0.0546875
24 0.43515625 0.46796875 0.028125 0.05625
15 0.35078125 0.46796875 0.0265625 0.0578125
53 0.2625 0.42109375 0.0421875 0.015625