33 0.49765625 0.225 0.0375 0.0609375
45 0.9484375 0.3625 0.0390625 0.0609375
21 0.9015625 0.3671875 0.0359375 0.0625
13 0.5984375 0.4515625 0.034375 0.059375
17 0.11640625 0.49453125 0.034375 0.0546875
18 0.06953125 0.4984375 0.0328125 0.05625
22 0.51484375 0.4640625 0.0359375 0.059375
2 0.43125 0.47734375 0.034375 0.059375
47 0.3484375 0.490625 0.0328125 0.059375
8 0.45390625 0.23046875 0.0375 0.0625
32 0.68125 0.43828125 0.0390625 0.0640625
58 0.91796875 0.4609375 0.0390625 0.028125
58 0.54765625 0.80078125 0.03125 0.0296875
52 0.4703125 0.32265625 0.0515625 0.0296875
52 0.0875 0.590625 0.053125 0.0296875
57 0.48515625 0.4171875 0.1125 0.0375
53 0.51015625 0.56640625 0.034375 0.0234375
53 0.60390625 0.5765625 0.0171875 0.0203125
55 0.5203125 0.35 0.0359375 0.0359375