54 0.86875 0.56953125 0.0734375 0.0828125
54 0.09140625 0.65 0.071875 0.08125
54 0.9234375 0.5640625 0.0859375 0.0859375
55 0.77890625 0.3734375 0.0296875 0.0296875
54 0.77265625 0.253125 0.0859375 0.0859375
54 0.71796875 0.26015625 0.071875 0.0796875
40 0.47578125 0.70546875 0.0359375 0.0640625
54 0.14765625 0.64375 0.0828125 0.084375
58 0.90546875 0.63671875 0.0484375 0.0265625
58 0.21484375 0.38828125 0.0359375 0.025
57 0.4921875 0.4109375 0.1140625 0.028125
58 0.13203125 0.72265625 0.0375 0.0234375
53 0.50625 0.5625 0.0328125 0.0234375
3 0.30859375 0.484375 0.0328125 0.0609375
32 0.3921875 0.4734375 0.034375 0.0609375
58 0.53125 0.7984375 0.0421875 0.0296875
50 0.52578125 0.696875 0.034375 0.0625
4 0.47578125 0.46640625 0.0328125 0.0625
27 0.56015625 0.4609375 0.03125 0.05625
25 0.64375 0.4484375 0.03125 0.0578125
50 0.52578125 0.696875 0.0359375 0.0625
24 0.47578125 0.46640625 0.03125 0.0609375
58 0.75703125 0.3296875 0.0328125 0.0234375