42 0.65078125 0.47109375 0.028125 0.0578125
14 0.3984375 0.46171875 0.03125 0.05625
30 0.21171875 0.60390625 0.03125 0.0546875
17 0.48125 0.46484375 0.0265625 0.0578125
31 0.3125 0.4625 0.0296875 0.0609375
47 0.16640625 0.60546875 0.0328125 0.0578125
15 0.78984375 0.62421875 0.028125 0.0578125
23 0.56640625 0.46953125 0.03125 0.0609375
19 0.74296875 0.62578125 0.0296875 0.0609375
55 0.37734375 0.346875 0.03125 0.03125
52 0.20546875 0.69765625 0.05 0.025
57 0.503125 0.4171875 0.1265625 0.0265625
58 0.490625 0.8046875 0.0578125 0.0265625
58 0.08046875 0.51171875 0.0296875 0.025
58 0.1984375 0.353125 0.053125 0.025
58 0.409375 0.3171875 0.028125 0.0265625
58 0.6046875 0.32421875 0.053125 0.025
58 0.8125 0.375 0.053125 0.0234375
58 0.92109375 0.53984375 0.03125 0.025
53 0.49765625 0.5671875 0.04375 0.021875