39 0.53046875 0.69609375 0.0375 0.0640625
57 0.490625 0.41328125 0.1234375 0.0359375
52 0.54375 0.7984375 0.0578125 0.034375
52 0.47578125 0.31875 0.0515625 0.028125
32 0.48203125 0.7078125 0.0390625 0.0625
12 0.56015625 0.45546875 0.0375 0.0625
9 0.46484375 0.22578125 0.034375 0.059375
49 0.475 0.4671875 0.034375 0.0625
55 0.4359375 0.3578125 0.0296875 0.03125
53 0.50859375 0.56328125 0.0453125 0.0265625
17 0.30625 0.490625 0.034375 0.0625
44 0.39140625 0.47890625 0.0359375 0.0609375
58 0.08671875 0.58203125 0.053125 0.0296875
58 0.92265625 0.4640625 0.0578125 0.028125
41 0.4203125 0.23515625 0.034375 0.0578125
7 0.9109375 0.36796875 0.0375 0.059375
17 0.3078125 0.490625 0.034375 0.0609375
23 0.86484375 0.38046875 0.03125 0.053125