57 0.496875 0.4125 0.13125 0.01875
32 0.5453125 0.7046875 0.03125 0.0625
36 0.6875 0.4640625 0.0296875 0.0578125
2 0.5203125 0.4640625 0.03125 0.05625
52 0.4984375 0.8015625 0.0546875 0.0265625
55 0.5421875 0.35 0.0265625 0.028125
45 0.3515625 0.4640625 0.0265625 0.059375
53 0.5 0.565625 0.05 0.021875
58 0.078125 0.5234375 0.05 0.021875
47 0.121875 0.4328125 0.0296875 0.05625
33 0.4359375 0.4640625 0.0265625 0.05625
58 0.5 0.3171875 0.0515625 0.021875
37 0.0765625 0.4296875 0.025 0.05625
5 0.4953125 0.7 0.0265625 0.0625
25 0.6046875 0.4640625 0.0265625 0.05625