12 0.9109375 0.36953125 0.034375 0.0609375
48 0.475 0.4671875 0.0359375 0.0625
52 0.54375 0.8 0.05625 0.034375
0 0.0765625 0.48671875 0.034375 0.0609375
57 0.48984375 0.41484375 0.1234375 0.034375
34 0.3078125 0.4890625 0.034375 0.059375
55 0.17421875 0.58671875 0.03125 0.03125
52 0.47578125 0.31875 0.0515625 0.0265625
52 0.08828125 0.578125 0.046875 0.0265625
20 0.86484375 0.38046875 0.0375 0.059375
53 0.41953125 0.6015625 0.0484375 0.0265625
53 0.50859375 0.56328125 0.0453125 0.028125
58 0.92265625 0.4640625 0.0578125 0.028125
19 0.48203125 0.7078125 0.0390625 0.065625
26 0.5328125 0.69765625 0.0390625 0.0640625
40 0.0328125 0.49609375 0.0359375 0.0578125
14 0.56015625 0.45390625 0.0359375 0.059375
7 0.5328125 0.69765625 0.0390625 0.0640625
27 0.48359375 0.7078125 0.0390625 0.0640625
21 0.38984375 0.48046875 0.0296875 0.0578125