31 0.1328125 0.3859375 0.0359375 0.059375
57 0.5109375 0.41328125 0.1359375 0.0375
52 0.07890625 0.4703125 0.0484375 0.0265625
19 0.83515625 0.30625 0.034375 0.0578125
58 0.78125 0.39140625 0.0515625 0.0296875
58 0.46328125 0.79921875 0.06875 0.034375
55 0.23203125 0.36171875 0.0296875 0.028125
58 0.18671875 0.66640625 0.0578125 0.028125
53 0.4921875 0.56328125 0.0515625 0.0265625
58 0.91328125 0.57265625 0.0609375 0.0296875
58 0.52265625 0.31875 0.0515625 0.0296875
58 0.7625 0.73671875 0.0515625 0.028125
58 0.23984375 0.3234375 0.05625 0.028125
18 0.7890625 0.29765625 0.03125 0.053125
29 0.08828125 0.38046875 0.03125 0.05625
29 0.08828125 0.38046875 0.03125 0.05625