12 0.928125 0.45078125 0.0296875 0.059375
48 0.48125 0.46328125 0.03125 0.0609375
52 0.4859375 0.803125 0.0546875 0.0296875
0 0.0875 0.40625 0.0296875 0.059375
57 0.50625 0.4140625 0.121875 0.0234375
34 0.31328125 0.45234375 0.0296875 0.0578125
55 0.1640625 0.5234375 0.0296875 0.0296875
52 0.5109375 0.3171875 0.05 0.0234375
52 0.08046875 0.4984375 0.0453125 0.021875
20 0.88125 0.45234375 0.0328125 0.0578125
53 0.4015625 0.584375 0.046875 0.021875
53 0.496875 0.5640625 0.04375 0.0234375
58 0.921875 0.5453125 0.0578125 0.0234375
19 0.4421875 0.70078125 0.034375 0.0640625
26 0.49453125 0.7 0.034375 0.0625
40 0.04140625 0.40703125 0.03125 0.05625
14 0.5671875 0.465625 0.03125 0.0578125
7 0.49453125 0.7 0.034375 0.0625
27 0.44375 0.70078125 0.034375 0.0625
21 0.3953125 0.46015625 0.025 0.05625