46 0.690625 0.47421875 0.03125 0.0578125
2 0.60625 0.46953125 0.034375 0.059375
18 0.521875 0.46484375 0.03125 0.0578125
38 0.534375 0.70546875 0.0328125 0.065625
30 0.48671875 0.69765625 0.03125 0.0625
40 0.14765625 0.56953125 0.0328125 0.0578125
47 0.10078125 0.56328125 0.0328125 0.059375
53 0.496875 0.565625 0.0453125 0.0234375
57 0.5015625 0.4140625 0.13125 0.0265625
58 0.86328125 0.40625 0.05625 0.025
58 0.87734375 0.6984375 0.0296875 0.0265625
58 0.1484375 0.36875 0.05625 0.028125
58 0.10078125 0.659375 0.0546875 0.025
58 0.509375 0.3171875 0.05625 0.028125
55 0.5546875 0.6484375 0.03125 0.03125