12 0.9265625 0.4359375 0.0296875 0.0578125
57 0.503125 0.4125 0.125 0.0203125
52 0.5046875 0.3171875 0.0484375 0.021875
32 0.39609375 0.4625 0.03125 0.0578125
58 0.49453125 0.8015625 0.05625 0.028125
55 0.83359375 0.54609375 0.028125 0.0265625
53 0.49921875 0.5640625 0.0421875 0.0203125
8 0.31171875 0.4609375 0.028125 0.0578125
51 0.56484375 0.46328125 0.0296875 0.0578125
35 0.4625 0.22578125 0.0296875 0.0546875
31 0.48046875 0.4640625 0.028125 0.059375
58 0.0796875 0.51484375 0.05 0.0234375
58 0.92265625 0.52890625 0.05625 0.0234375
27 0.87890625 0.4375 0.0328125 0.05625
27 0.87890625 0.4375 0.0328125 0.05625
14 0.509375 0.2234375 0.028125 0.05625