30 0.48125 0.46328125 0.028125 0.059375
57 0.503125 0.4125 0.1265625 0.025
21 0.3125 0.4578125 0.025 0.05625
55 0.77890625 0.4 0.028125 0.028125
19 0.396875 0.46015625 0.028125 0.059375
20 0.56484375 0.46796875 0.028125 0.059375
58 0.8859375 0.68984375 0.05 0.0234375
53 0.49765625 0.5640625 0.04375 0.0234375
58 0.50625 0.3171875 0.05625 0.025
58 0.14609375 0.3765625 0.05 0.0234375
58 0.1046875 0.6640625 0.05 0.0234375
58 0.48984375 0.8015625 0.05625 0.0296875
58 0.86328125 0.4 0.05 0.0234375
34 0.44609375 0.703125 0.03125 0.059375
39 0.49765625 0.703125 0.03125 0.0625