54 0.3140625 0.51171875 0.0890625 0.103125
54 0.51484375 0.59296875 0.059375 0.09375
58 0.540625 0.79921875 0.05625 0.0328125
55 0.17421875 0.58671875 0.034375 0.0328125
54 0.49375 0.3875 0.0859375 0.1046875
58 0.08671875 0.58046875 0.0515625 0.0265625
54 0.4859375 0.39765625 0.0984375 0.109375
58 0.47265625 0.31953125 0.0515625 0.0296875
58 0.91953125 0.46484375 0.053125 0.0296875
54 0.50546875 0.5921875 0.0828125 0.1046875
54 0.54296875 0.59296875 0.04375 0.0796875
54 0.4890625 0.38984375 0.09375 0.1109375