57 0.5 0.4140625 0.1140625 0.0171875
52 0.4984375 0.31875 0.046875 0.0203125
47 0.6890625 0.4640625 0.028125 0.0578125
55 0.5640625 0.64375 0.0265625 0.0265625
58 0.4984375 0.803125 0.0375 0.021875
58 0.9203125 0.5234375 0.0359375 0.0203125
21 0.5203125 0.4640625 0.0265625 0.05625
53 0.5 0.5640625 0.03125 0.0203125
27 0.6046875 0.4640625 0.0265625 0.05625
46 0.5421875 0.2265625 0.028125 0.0546875
45 0.9640625 0.4328125 0.028125 0.0546875
27 0.6046875 0.465625 0.0265625 0.0578125
8 0.496875 0.225 0.028125 0.0578125
52 0.38125 0.25625 0.05 0.0171875
18 0.915625 0.428125 0.0265625 0.05625