57 0.490625 0.41328125 0.1140625 0.028125
32 0.2625 0.63515625 0.034375 0.0578125
58 0.5265625 0.80078125 0.05625 0.03125
22 0.60078125 0.4546875 0.03125 0.05625
52 0.228125 0.72890625 0.046875 0.021875
19 0.740625 0.240625 0.0328125 0.0578125
58 0.91953125 0.48671875 0.0484375 0.0265625
58 0.75078125 0.33359375 0.0375 0.0265625
40 0.68515625 0.44765625 0.03125 0.059375
58 0.48203125 0.31640625 0.05 0.028125
55 0.5765625 0.6359375 0.028125 0.0265625
58 0.80546875 0.67890625 0.0515625 0.0265625
53 0.50546875 0.5640625 0.0328125 0.021875
58 0.20859375 0.3796875 0.0359375 0.025
44 0.2171875 0.6359375 0.03125 0.0578125
50 0.5171875 0.4609375 0.03125 0.05625
33 0.7859375 0.23984375 0.03125 0.05625
21 0.78671875 0.24140625 0.03125 0.0546875