54 0.12890625 0.58984375 0.0828125 0.0828125
54 0.07265625 0.5890625 0.0703125 0.08125
58 0.10078125 0.659375 0.0515625 0.0234375
55 0.76953125 0.6390625 0.03125 0.0296875
58 0.484375 0.80390625 0.059375 0.0328125
58 0.1484375 0.3703125 0.0515625 0.025
58 0.88046875 0.6984375 0.0515625 0.0265625
57 0.50625 0.4140625 0.128125 0.025
58 0.509375 0.31875 0.0546875 0.025
58 0.86484375 0.4078125 0.053125 0.025
53 0.496875 0.5640625 0.0453125 0.025
56 0.78203125 0.82421875 0.3859375 0.1015625
29 0.31328125 0.45703125 0.0296875 0.059375
45 0.396875 0.46171875 0.0265625 0.0578125
40 0.48125 0.46640625 0.028125 0.0578125
28 0.44375 0.70390625 0.0328125 0.0609375
23 0.49375 0.7015625 0.0328125 0.0625