54 0.16171875 0.6609375 0.075 0.08125
56 0.25078125 0.853125 0.3984375 0.1375
54 0.1078125 0.66953125 0.0890625 0.0890625
53 0.51484375 0.62578125 0.0421875 0.0234375
57 0.48671875 0.41484375 0.1328125 0.040625
54 0.803125 0.265625 0.0890625 0.0890625
55 0.5203125 0.346875 0.0296875 0.0296875
58 0.8375 0.334375 0.0515625 0.0296875
58 0.546875 0.79765625 0.0578125 0.0359375
53 0.2484375 0.63125 0.0453125 0.0265625
58 0.1421875 0.73515625 0.0515625 0.0296875
54 0.85703125 0.25859375 0.0796875 0.0859375
53 0.25390625 0.45234375 0.04375 0.025
58 0.12734375 0.4453125 0.053125 0.0296875
53 0.71953125 0.378125 0.046875 0.025
58 0.9140625 0.61484375 0.0515625 0.0296875
58 0.47109375 0.31953125 0.0546875 0.03125
44 0.5765625 0.6953125 0.0375 0.0625
29 0.5265625 0.6984375 0.034375 0.0625