57 0.490625 0.41484375 0.125 0.0265625
27 0.6859375 0.45078125 0.03125 0.0578125
35 0.11796875 0.4609375 0.0328125 0.05625
52 0.52109375 0.80234375 0.0546875 0.028125
49 0.34921875 0.47421875 0.03125 0.059375
53 0.5046875 0.565625 0.0453125 0.0234375
55 0.16953125 0.565625 0.0296875 0.028125
58 0.08125 0.5546875 0.0484375 0.025
58 0.4875 0.31953125 0.0546875 0.0265625
33 0.43359375 0.46875 0.03125 0.059375
15 0.509375 0.7 0.034375 0.0625
8 0.60234375 0.45859375 0.03125 0.0578125
44 0.559375 0.70234375 0.034375 0.0625
40 0.07109375 0.459375 0.03125 0.0578125
58 0.92109375 0.4953125 0.0515625 0.0265625
49 0.51796875 0.4625 0.0296875 0.0578125
50 0.51796875 0.4625 0.0296875 0.0578125