2 0.34765625 0.475 0.03125 0.0578125
54 0.78125 0.2640625 0.0703125 0.078125
54 0.946875 0.4203125 0.071875 0.08125
36 0.684375 0.45078125 0.0328125 0.0609375
57 0.4921875 0.4125 0.128125 0.0265625
54 0.890625 0.42421875 0.084375 0.084375
54 0.7265625 0.26953125 0.0828125 0.084375
58 0.52109375 0.80234375 0.0671875 0.03125
58 0.753125 0.33828125 0.0578125 0.0265625
55 0.7140625 0.62421875 0.028125 0.0265625
29 0.6015625 0.45703125 0.0296875 0.059375
58 0.4859375 0.31953125 0.0515625 0.025
58 0.08203125 0.55078125 0.0625 0.025
58 0.2125 0.37734375 0.0578125 0.025
58 0.22421875 0.72421875 0.0609375 0.0265625
58 0.91953125 0.49296875 0.059375 0.028125
58 0.80234375 0.684375 0.053125 0.025
37 0.43359375 0.46875 0.0296875 0.059375
27 0.51796875 0.4625 0.0296875 0.0578125
53 0.5046875 0.565625 0.0453125 0.028125