22 0.43125 0.47421875 0.034375 0.059375
57 0.48515625 0.4140625 0.125 0.0375
53 0.50859375 0.56328125 0.0421875 0.0234375
55 0.58515625 0.63046875 0.034375 0.0328125
52 0.46953125 0.31953125 0.0515625 0.028125
58 0.54765625 0.79921875 0.059375 0.034375
52 0.91875 0.45546875 0.05 0.028125
17 0.59765625 0.446875 0.0328125 0.059375
37 0.5140625 0.46015625 0.0359375 0.0609375
58 0.08515625 0.5875 0.0609375 0.03125
23 0.06875 0.4953125 0.0375 0.059375
51 0.68125 0.43359375 0.0375 0.0609375
31 0.94609375 0.359375 0.0359375 0.059375
15 0.90078125 0.3625 0.0390625 0.0609375
27 0.94609375 0.3578125 0.0375 0.0609375
6 0.34609375 0.48671875 0.0375 0.0609375
41 0.1171875 0.4921875 0.0328125 0.05625