54 0.17265625 0.32265625 0.0890625 0.0890625
54 0.20625 0.67109375 0.0890625 0.0875
54 0.26015625 0.66484375 0.075 0.08125
55 0.20625 0.43046875 0.03125 0.0296875
54 0.1078125 0.49921875 0.0765625 0.08125
54 0.05390625 0.5078125 0.0875 0.0875
54 0.22890625 0.31796875 0.078125 0.0828125
58 0.5359375 0.80234375 0.04375 0.0296875
58 0.2046875 0.39140625 0.0390625 0.0265625
58 0.084375 0.575 0.0390625 0.0265625
57 0.48828125 0.41640625 0.11875 0.0359375
53 0.33203125 0.42734375 0.0234375 0.021875
53 0.5078125 0.56484375 0.0234375 0.0203125
58 0.23671875 0.73984375 0.0359375 0.0234375
53 0.32578125 0.6171875 0.025 0.025
53 0.18359375 0.540625 0.025 0.025