57 0.5046875 0.4140625 0.1234375 0.0234375
34 0.88046875 0.44765625 0.0296875 0.05625
2 0.3125 0.4578125 0.028125 0.05625
33 0.396875 0.46015625 0.0265625 0.0578125
58 0.4890625 0.803125 0.0578125 0.028125
55 0.1640625 0.53046875 0.03125 0.028125
53 0.49921875 0.5640625 0.040625 0.0203125
52 0.08046875 0.50703125 0.0453125 0.0203125
58 0.92109375 0.53984375 0.025 0.0203125
42 0.56484375 0.46796875 0.028125 0.0578125
51 0.48125 0.46328125 0.0296875 0.0609375
10 0.08671875 0.41484375 0.028125 0.05625
42 0.56484375 0.46796875 0.0296875 0.0578125
13 0.92734375 0.44609375 0.025 0.0515625
14 0.03828125 0.41796875 0.0265625 0.0546875