54 0.1015625 0.50703125 0.0875 0.0875
54 0.04765625 0.51484375 0.078125 0.0828125
54 0.58515625 0.23203125 0.0875 0.0875
54 0.53125 0.23984375 0.075 0.0828125
58 0.08671875 0.58046875 0.05625 0.03125
54 0.19140625 0.33359375 0.0875 0.0875
58 0.5421875 0.7984375 0.0609375 0.034375
58 0.91953125 0.46328125 0.05625 0.0296875
53 0.51015625 0.56171875 0.05 0.028125
58 0.17734375 0.4046875 0.0578125 0.03125
54 0.13671875 0.34140625 0.0796875 0.0859375
58 0.37890625 0.3328125 0.05625 0.034375
58 0.571875 0.30546875 0.0546875 0.028125
55 0.60703125 0.33203125 0.0296875 0.0296875
57 0.4890625 0.41328125 0.128125 0.0359375
58 0.78515625 0.31796875 0.0546875 0.03125
58 0.81640625 0.6609375 0.028125 0.0265625
58 0.2421875 0.74140625 0.028125 0.0265625
8 0.3078125 0.4921875 0.034375 0.059375
29 0.38984375 0.48046875 0.03125 0.0609375
39 0.475 0.46875 0.03125 0.0578125
47 0.48203125 0.7109375 0.034375 0.0609375
31 0.5328125 0.69921875 0.0359375 0.0625