58 0.53203125 0.803125 0.059375 0.03125
54 0.19375 0.66875 0.071875 0.0796875
54 0.2484375 0.66328125 0.0859375 0.084375
58 0.2328125 0.73515625 0.053125 0.028125
54 0.5421875 0.24296875 0.0734375 0.0796875
58 0.084375 0.5671875 0.0515625 0.0265625
54 0.59453125 0.23515625 0.0859375 0.084375
58 0.79140625 0.33125 0.053125 0.028125
58 0.9203125 0.4796875 0.0546875 0.0265625
58 0.384375 0.3296875 0.053125 0.025
57 0.4921875 0.4140625 0.128125 0.03125
55 0.61328125 0.3390625 0.03125 0.028125
58 0.8109375 0.675 0.0515625 0.0265625
58 0.57890625 0.309375 0.053125 0.0265625
53 0.50703125 0.565625 0.04375 0.0234375
58 0.1796875 0.3953125 0.028125 0.021875
8 0.31015625 0.48671875 0.0328125 0.059375
16 0.3921875 0.478125 0.0296875 0.0578125
32 0.4765625 0.46953125 0.0359375 0.0625
34 0.56015625 0.4609375 0.0328125 0.0609375
25 0.64375 0.45 0.0296875 0.05625