2 0.64609375 0.45078125 0.0328125 0.0578125
54 0.18515625 0.3109375 0.071875 0.078125
54 0.04609375 0.49140625 0.0734375 0.0828125
36 0.31015625 0.48046875 0.0328125 0.0609375
57 0.49375 0.4125 0.128125 0.028125
54 0.10234375 0.4859375 0.0859375 0.0859375
54 0.23984375 0.3078125 0.084375 0.0859375
58 0.5265625 0.80234375 0.0671875 0.0328125
58 0.22421875 0.3796875 0.0578125 0.028125
55 0.30859375 0.65625 0.028125 0.0265625
29 0.39296875 0.4734375 0.0296875 0.059375
58 0.4859375 0.31953125 0.0515625 0.0265625
58 0.9203125 0.48515625 0.0625 0.025
58 0.76484375 0.334375 0.0578125 0.0265625
58 0.80703125 0.67890625 0.0609375 0.0265625
58 0.084375 0.55859375 0.059375 0.028125
58 0.2296875 0.72890625 0.053125 0.0265625
37 0.5609375 0.45859375 0.0296875 0.059375
27 0.4765625 0.465625 0.03125 0.0578125
53 0.50546875 0.565625 0.0453125 0.028125