22 0.60078125 0.4546875 0.03125 0.059375
57 0.490625 0.41484375 0.1171875 0.0265625
52 0.08125 0.55703125 0.0484375 0.0265625
55 0.83515625 0.51328125 0.03125 0.03125
52 0.5265625 0.80078125 0.0546875 0.03125
42 0.5640625 0.6984375 0.034375 0.0625
58 0.91953125 0.48671875 0.0375 0.0234375
58 0.484375 0.31953125 0.028125 0.0234375
53 0.50546875 0.5640625 0.034375 0.025
24 0.5171875 0.4625 0.0328125 0.0609375
18 0.0703125 0.465625 0.03125 0.05625
45 0.1171875 0.46484375 0.03125 0.05625
8 0.34765625 0.47734375 0.03125 0.059375
14 0.4328125 0.46953125 0.03125 0.0578125
1 0.68671875 0.44765625 0.03125 0.0609375
17 0.51328125 0.7015625 0.0328125 0.0625