1 0.68046875 0.43515625 0.034375 0.0625
19 0.596875 0.44765625 0.0390625 0.0609375
8 0.5140625 0.4640625 0.0375 0.0625
32 0.58046875 0.696875 0.04375 0.06875
0 0.53125 0.70234375 0.0421875 0.0703125
54 0.3890625 0.26875 0.0828125 0.0921875
54 0.334375 0.27890625 0.0953125 0.0984375
54 0.1109375 0.52421875 0.0796875 0.0875
54 0.05546875 0.5328125 0.0875 0.0953125
55 0.1703125 0.60078125 0.0359375 0.0359375
57 0.48359375 0.4171875 0.1296875 0.0453125
58 0.3703125 0.3421875 0.0578125 0.03125
58 0.5640625 0.30625 0.0578125 0.034375
58 0.778125 0.31328125 0.0578125 0.0359375
58 0.91796875 0.4515625 0.059375 0.0359375
58 0.82109375 0.6546875 0.03125 0.0328125
58 0.5515625 0.8015625 0.0671875 0.0390625
58 0.2515625 0.7546875 0.05625 0.0359375
58 0.090625 0.59921875 0.0578125 0.03125
53 0.51015625 0.56640625 0.0515625 0.028125
58 0.171875 0.42109375 0.05625 0.0328125