26 0.915625 0.428125 0.0265625 0.05625
57 0.4984375 0.4140625 0.1265625 0.01875
53 0.5 0.5640625 0.040625 0.0203125
52 0.4984375 0.31875 0.046875 0.0203125
55 0.165625 0.5421875 0.028125 0.028125
58 0.5 0.8015625 0.0546875 0.0265625
29 0.4359375 0.4640625 0.0265625 0.059375
58 0.078125 0.5234375 0.059375 0.021875
37 0.6046875 0.4640625 0.0265625 0.05625
36 0.35 0.465625 0.0296875 0.0578125
58 0.91875 0.5234375 0.05 0.021875
18 0.6890625 0.4640625 0.0265625 0.05625
17 0.5203125 0.4640625 0.0265625 0.0578125
4 0.496875 0.225 0.028125 0.0578125
5 0.5421875 0.228125 0.028125 0.0546875
48 0.9625 0.4328125 0.03125 0.0546875
17 0.5203125 0.4640625 0.0265625 0.0578125