0 0.31484375 0.44921875 0.0328125 0.0609375
33 0.8828125 0.46640625 0.03125 0.05625
57 0.509375 0.41484375 0.125 0.0296875
52 0.91796875 0.56015625 0.0484375 0.0234375
49 0.3984375 0.45625 0.03125 0.0578125
53 0.49453125 0.565625 0.04375 0.025
55 0.8296875 0.57109375 0.028125 0.025
52 0.08125 0.48515625 0.046875 0.0234375
52 0.5171875 0.31796875 0.05 0.025
58 0.4734375 0.80390625 0.0578125 0.0296875
47 0.43515625 0.7015625 0.0359375 0.065625
44 0.48671875 0.7015625 0.0328125 0.0625
24 0.4828125 0.4640625 0.0328125 0.0609375
9 0.090625 0.39375 0.03125 0.0578125
25 0.9296875 0.4671875 0.03125 0.0578125
15 0.0453125 0.39296875 0.0359375 0.059375