28 0.47421875 0.46796875 0.034375 0.059375
58 0.546875 0.79765625 0.0703125 0.0375
57 0.48828125 0.41484375 0.1265625 0.0359375
55 0.43359375 0.36015625 0.0296875 0.028125
52 0.14375 0.73671875 0.05 0.028125
58 0.9140625 0.61484375 0.0625 0.03125
58 0.12734375 0.4453125 0.071875 0.0328125
53 0.51015625 0.56328125 0.04375 0.025
30 0.390625 0.48125 0.034375 0.059375
58 0.471875 0.32109375 0.0625 0.03125
58 0.8375 0.334375 0.0625 0.03125
15 0.3078125 0.4953125 0.034375 0.059375
0 0.9015625 0.5171875 0.034375 0.0515625
3 0.9015625 0.5171875 0.034375 0.0515625
22 0.8578125 0.53046875 0.0375 0.0484375