58 0.44765625 0.7984375 0.05625 0.034375
58 0.63046875 0.3359375 0.0375 0.0265625
55 0.6546875 0.3796875 0.03125 0.03125
42 0.56953125 0.47578125 0.0359375 0.059375
58 0.91171875 0.59453125 0.0484375 0.0296875
58 0.1796875 0.65 0.0375 0.0265625
58 0.08046875 0.4484375 0.05 0.0296875
57 0.51640625 0.4140625 0.1265625 0.0390625
58 0.22421875 0.30859375 0.046875 0.0296875
44 0.884375 0.49921875 0.0375 0.0609375
53 0.4890625 0.56328125 0.0453125 0.0265625
52 0.75078125 0.75234375 0.0484375 0.028125
32 0.72421875 0.65703125 0.0375 0.0609375
33 0.4859375 0.4609375 0.0359375 0.0609375
28 0.3203125 0.43203125 0.0375 0.0640625
4 0.7703125 0.66015625 0.0359375 0.0609375
31 0.93125 0.503125 0.0375 0.0609375
29 0.403125 0.44609375 0.034375 0.0609375
4 0.7703125 0.66015625 0.0359375 0.0609375
58 0.4359375 0.30625 0.05 0.0296875