20 0.1015625 0.35703125 0.0375 0.0609375
0 0.65390625 0.4921875 0.0375 0.0640625
42 0.4859375 0.4609375 0.0359375 0.059375
57 0.51640625 0.4140625 0.1359375 0.0421875
55 0.8203125 0.59921875 0.034375 0.03125
43 0.56953125 0.47578125 0.0375 0.0609375
52 0.53359375 0.3203125 0.05 0.0296875
52 0.084375 0.44765625 0.0484375 0.0265625
58 0.91171875 0.59609375 0.0609375 0.03125
17 0.3203125 0.43203125 0.0375 0.0609375
49 0.884375 0.49765625 0.0390625 0.059375
53 0.4875 0.5625 0.0484375 0.0265625
52 0.44921875 0.796875 0.0546875 0.0328125
41 0.403125 0.44609375 0.0359375 0.0609375
48 0.4203125 0.6890625 0.040625 0.0546875
28 0.05625 0.35390625 0.0375 0.059375
24 0.4703125 0.69296875 0.040625 0.059375
5 0.9296875 0.503125 0.0359375 0.0609375
48 0.4203125 0.6890625 0.040625 0.0546875
24 0.4703125 0.69453125 0.040625 0.059375
5 0.9296875 0.503125 0.0359375 0.0609375