58 0.83984375 0.33828125 0.0546875 0.028125
58 0.540625 0.79921875 0.059375 0.0359375
55 0.2125 0.428125 0.0328125 0.03125
57 0.484375 0.4140625 0.1265625 0.0375
56 0.24921875 0.84765625 0.396875 0.134375
58 0.13671875 0.73125 0.0546875 0.0328125
58 0.128125 0.43828125 0.0546875 0.0296875
58 0.91171875 0.6203125 0.0515625 0.025
58 0.47421875 0.31875 0.03125 0.0265625
53 0.50703125 0.56171875 0.046875 0.0296875
54 0.0953125 0.371875 0.0921875 0.090625
54 0.1484375 0.36484375 0.0828125 0.0875
28 0.68203125 0.43828125 0.0359375 0.0609375
45 0.5984375 0.4484375 0.034375 0.0609375
25 0.51484375 0.46171875 0.034375 0.0625
39 0.5734375 0.69453125 0.0390625 0.0625
38 0.52265625 0.696875 0.0375 0.065625