57 0.5 0.4125 0.1125 0.0203125
32 0.25 0.609375 0.03125 0.0546875
58 0.49453125 0.8015625 0.0546875 0.028125
22 0.60546875 0.465625 0.028125 0.0546875
52 0.20546875 0.69921875 0.0453125 0.0203125
19 0.76640625 0.2671875 0.0296875 0.05625
58 0.91796875 0.53046875 0.046875 0.0234375
58 0.76640625 0.3609375 0.0359375 0.0234375
40 0.68984375 0.4671875 0.028125 0.0578125
58 0.5015625 0.315625 0.0484375 0.025
55 0.56171875 0.64296875 0.0265625 0.025
58 0.78515625 0.709375 0.05 0.0234375
53 0.49921875 0.5640625 0.03125 0.01875
58 0.22265625 0.35 0.034375 0.021875
44 0.2046875 0.60546875 0.028125 0.05625
50 0.52109375 0.4625 0.028125 0.0546875
33 0.81171875 0.27109375 0.028125 0.0546875
21 0.81171875 0.27265625 0.028125 0.053125