3 0.3125 0.44921875 0.0296875 0.0578125
54 0.8109375 0.30546875 0.0828125 0.0828125
54 0.0734375 0.575 0.06875 0.078125
54 0.90546875 0.63515625 0.0828125 0.0828125
54 0.84921875 0.6328125 0.06875 0.078125
57 0.50625 0.4125 0.1140625 0.025
32 0.3984375 0.45703125 0.0359375 0.059375
54 0.128125 0.57890625 0.0828125 0.0828125
54 0.75625 0.3015625 0.071875 0.0765625
58 0.09921875 0.64921875 0.0359375 0.025
55 0.7984375 0.41875 0.028125 0.028125
53 0.4953125 0.5625 0.0328125 0.021875
58 0.87734375 0.703125 0.046875 0.025
58 0.48046875 0.80078125 0.0390625 0.0296875
58 0.7828125 0.37421875 0.034375 0.0234375
58 0.2390625 0.3359375 0.0359375 0.025
56 0.778125 0.8234375 0.3921875 0.1015625
49 0.490625 0.6984375 0.0328125 0.0609375
50 0.490625 0.6984375 0.034375 0.0609375
24 0.48203125 0.4625 0.0328125 0.0625
40 0.440625 0.69765625 0.034375 0.0609375