11 0.56640625 0.46875 0.0328125 0.059375
57 0.5078125 0.4140625 0.1265625 0.0265625
43 0.65078125 0.47421875 0.03125 0.059375
14 0.3984375 0.45703125 0.0328125 0.059375
55 0.42734375 0.6390625 0.0296875 0.0296875
58 0.48046875 0.80234375 0.0640625 0.0328125
58 0.08046875 0.49296875 0.059375 0.0265625
58 0.2453125 0.33828125 0.0515625 0.0265625
58 0.91796875 0.55078125 0.0515625 0.025
58 0.5140625 0.31953125 0.05 0.0265625
58 0.7890625 0.37734375 0.059375 0.0265625
58 0.77578125 0.72578125 0.059375 0.0265625
34 0.73828125 0.6328125 0.0296875 0.0546875
53 0.4953125 0.5640625 0.0421875 0.021875
13 0.3125 0.45078125 0.0296875 0.0609375
1 0.48203125 0.4625 0.0296875 0.059375
25 0.78515625 0.6328125 0.028125 0.05625
34 0.73828125 0.6328125 0.0296875 0.0546875