57 0.5125 0.41328125 0.1328125 0.0390625
58 0.45234375 0.79921875 0.06875 0.0375
58 0.78515625 0.39921875 0.0625 0.0328125
34 0.609375 0.48125 0.034375 0.059375
58 0.08125 0.45546875 0.065625 0.0296875
1 0.69375 0.49453125 0.034375 0.0625
52 0.753125 0.74765625 0.05 0.028125
58 0.24765625 0.31640625 0.05 0.0296875
58 0.91015625 0.58828125 0.0625 0.034375
58 0.1828125 0.65546875 0.0625 0.03125
58 0.528125 0.32109375 0.0515625 0.03125
45 0.8109375 0.66640625 0.034375 0.0578125
38 0.840625 0.31640625 0.0328125 0.0578125
55 0.79609375 0.440625 0.03125 0.0296875
48 0.76484375 0.65546875 0.0359375 0.0578125
53 0.48984375 0.56328125 0.053125 0.028125
36 0.52578125 0.46796875 0.0359375 0.0609375
55 0.14140625 0.6046875 0.0328125 0.025
44 0.76484375 0.65546875 0.0359375 0.0609375
26 0.79609375 0.309375 0.0328125 0.05625