12 0.51484375 0.69921875 0.0328125 0.065625
57 0.496875 0.4125 0.1359375 0.025
32 0.465625 0.70703125 0.034375 0.0625
52 0.5171875 0.80078125 0.05625 0.0296875
55 0.16796875 0.559375 0.03125 0.028125
52 0.490625 0.3171875 0.05 0.025
53 0.4125 0.59375 0.046875 0.0234375
58 0.92265625 0.5015625 0.0609375 0.025
58 0.08125 0.5453125 0.053125 0.028125
5 0.4890625 0.225 0.0296875 0.0578125
53 0.503125 0.5640625 0.04375 0.021875
9 0.64609375 0.45625 0.0296875 0.059375
50 0.56171875 0.459375 0.03125 0.059375
35 0.87421875 0.41328125 0.034375 0.05625
41 0.44375 0.23046875 0.03125 0.05625
19 0.309375 0.47421875 0.034375 0.059375
8 0.91875 0.40625 0.0328125 0.0578125
35 0.87421875 0.41328125 0.034375 0.059375
41 0.44375 0.23046875 0.03125 0.05625
25 0.478125 0.46484375 0.028125 0.059375
16 0.39375 0.46953125 0.03125 0.0609375