20 0.4859375 0.225 0.03125 0.0578125
57 0.4953125 0.4140625 0.125 0.0234375
55 0.56875 0.64296875 0.0296875 0.0296875
42 0.51875 0.46328125 0.028125 0.0578125
52 0.4921875 0.31875 0.046875 0.021875
52 0.509375 0.803125 0.05625 0.0265625
53 0.50234375 0.5640625 0.0421875 0.0234375
58 0.07890625 0.53828125 0.059375 0.0234375
37 0.434375 0.46640625 0.028125 0.059375
58 0.92109375 0.50859375 0.053125 0.025
24 0.53125 0.2265625 0.03125 0.059375
0 0.07421875 0.44453125 0.03125 0.0609375
51 0.34921875 0.46953125 0.028125 0.0578125
51 0.34921875 0.46953125 0.0296875 0.0578125
7 0.50234375 0.7 0.03125 0.0625
23 0.55390625 0.703125 0.0328125 0.0625
26 0.6875 0.4578125 0.03125 0.059375
24 0.5328125 0.228125 0.03125 0.0578125
1 0.6046875 0.46171875 0.025 0.0546875
11 0.11953125 0.44765625 0.028125 0.053125