11 0.5609375 0.45859375 0.0328125 0.059375
57 0.49375 0.4140625 0.1265625 0.028125
43 0.64453125 0.4515625 0.03125 0.059375
14 0.39296875 0.4734375 0.0328125 0.059375
55 0.45 0.6484375 0.03125 0.03125
58 0.528125 0.8015625 0.0640625 0.0328125
58 0.084375 0.55859375 0.059375 0.0265625
58 0.22265625 0.3796875 0.0515625 0.028125
58 0.9203125 0.48515625 0.0515625 0.0265625
58 0.4859375 0.31953125 0.05 0.028125
58 0.76640625 0.33359375 0.059375 0.0265625
58 0.8078125 0.68046875 0.059375 0.0265625
34 0.75625 0.59375 0.03125 0.0546875
53 0.50546875 0.5640625 0.0421875 0.021875
13 0.30703125 0.48046875 0.0296875 0.0609375
1 0.4765625 0.465625 0.0296875 0.059375
25 0.80234375 0.58671875 0.0296875 0.05625
34 0.75625 0.59375 0.03125 0.0546875