57 0.509375 0.41484375 0.128125 0.03125
53 0.49453125 0.5640625 0.04375 0.021875
55 0.4234375 0.6375 0.0296875 0.0296875
52 0.515625 0.31953125 0.05 0.0265625
22 0.56875 0.47109375 0.03125 0.05625
47 0.9296875 0.465625 0.0359375 0.0609375
58 0.0796875 0.48515625 0.053125 0.0265625
58 0.47421875 0.79921875 0.028125 0.028125
58 0.91640625 0.56015625 0.0484375 0.0265625
10 0.4828125 0.4625 0.0328125 0.0578125
29 0.31484375 0.44765625 0.03125 0.0609375
18 0.3984375 0.45625 0.0328125 0.059375
3 0.48203125 0.22421875 0.034375 0.059375
2 0.52734375 0.225 0.0328125 0.05625
25 0.65234375 0.48046875 0.028125 0.059375
41 0.88046875 0.4671875 0.028125 0.053125