57 0.4890625 0.41484375 0.125 0.0296875
27 0.68515625 0.44765625 0.0328125 0.0578125
35 0.11796875 0.46796875 0.034375 0.0578125
52 0.5265625 0.80234375 0.0546875 0.0296875
49 0.34921875 0.47734375 0.03125 0.059375
53 0.50546875 0.565625 0.0453125 0.0234375
55 0.1703125 0.57109375 0.0296875 0.0296875
58 0.08203125 0.56171875 0.0484375 0.0265625
58 0.484375 0.31953125 0.0546875 0.028125
33 0.4328125 0.46953125 0.03125 0.059375
15 0.5125 0.7 0.034375 0.0640625
8 0.6015625 0.45625 0.0328125 0.0578125
44 0.56328125 0.7015625 0.034375 0.0640625
40 0.0703125 0.4671875 0.0328125 0.0578125
58 0.92109375 0.48828125 0.0515625 0.028125
49 0.5171875 0.4625 0.03125 0.0578125
50 0.5171875 0.4625 0.03125 0.0578125