54 0.1515625 0.6375 0.0703125 0.0765625
56 0.2265625 0.834375 0.3953125 0.1109375
54 0.096875 0.6421875 0.084375 0.084375
53 0.50625 0.6265625 0.0421875 0.0203125
57 0.4921875 0.4140625 0.1328125 0.03125
54 0.81875 0.28671875 0.084375 0.084375
55 0.53046875 0.3484375 0.028125 0.028125
58 0.8484375 0.3578125 0.05 0.0265625
58 0.5265625 0.80078125 0.05625 0.0328125
53 0.23984375 0.6140625 0.04375 0.0234375
58 0.1265625 0.71015625 0.05 0.0265625
54 0.8734375 0.28359375 0.075 0.0828125
53 0.2578125 0.43515625 0.0421875 0.021875
58 0.13203125 0.41953125 0.0515625 0.0265625
53 0.72734375 0.39375 0.0453125 0.021875
58 0.9046875 0.64375 0.05 0.0265625
58 0.484375 0.31796875 0.053125 0.028125
44 0.56328125 0.7 0.0328125 0.0609375
29 0.5125 0.7 0.0296875 0.0609375