16 0.68359375 0.44921875 0.0359375 0.0625
36 0.5171875 0.4640625 0.034375 0.059375
35 0.6015625 0.45625 0.034375 0.0578125
43 0.43203125 0.47265625 0.0328125 0.0578125
3 0.34765625 0.48046875 0.0328125 0.0578125
54 0.1578125 0.35078125 0.071875 0.078125
54 0.1015625 0.3546875 0.0828125 0.084375
54 0.1515625 0.6421875 0.0734375 0.078125
54 0.0953125 0.646875 0.08125 0.0828125
53 0.50546875 0.5671875 0.053125 0.021875
55 0.21484375 0.41796875 0.034375 0.0328125
58 0.484375 0.32265625 0.065625 0.028125
58 0.13125 0.42265625 0.0609375 0.025
58 0.125 0.71484375 0.0640625 0.0296875
58 0.525 0.80546875 0.0703125 0.034375
52 0.9015625 0.6453125 0.053125 0.025
57 0.49296875 0.4171875 0.134375 0.0296875