57 0.50625 0.4125 0.1296875 0.025
52 0.4859375 0.803125 0.0546875 0.0296875
54 0.053125 0.4265625 0.071875 0.0765625
55 0.4296875 0.640625 0.03125 0.0296875
54 0.9453125 0.475 0.084375 0.0859375
52 0.5109375 0.3171875 0.05 0.0234375
54 0.10625 0.43046875 0.08125 0.08125
54 0.8921875 0.4734375 0.071875 0.0796875
53 0.81328125 0.52421875 0.0328125 0.021875
53 0.496875 0.6265625 0.04375 0.021875
58 0.91875 0.5453125 0.0609375 0.0234375
34 0.4421875 0.70078125 0.034375 0.0609375
53 0.1859375 0.49140625 0.0328125 0.0234375
58 0.08046875 0.5 0.0515625 0.0265625
13 0.49453125 0.7 0.034375 0.0640625