42 0.65390625 0.4921875 0.0359375 0.059375
14 0.4046875 0.4484375 0.0390625 0.059375
30 0.2 0.56328125 0.0390625 0.0578125
17 0.4859375 0.4625 0.034375 0.059375
31 0.31953125 0.43671875 0.0375 0.0640625
47 0.1546875 0.5578125 0.040625 0.0609375
15 0.76953125 0.66328125 0.0359375 0.059375
23 0.5703125 0.47890625 0.0390625 0.0640625
19 0.72265625 0.65859375 0.0375 0.0640625
55 0.39921875 0.33125 0.034375 0.034375
52 0.18046875 0.6546875 0.0515625 0.03125
57 0.5140625 0.41875 0.128125 0.04375
58 0.4484375 0.8 0.059375 0.034375
58 0.0828125 0.453125 0.03125 0.028125
58 0.221875 0.31328125 0.0546875 0.0328125
58 0.4359375 0.30625 0.03125 0.0296875
58 0.628125 0.33984375 0.0546875 0.0328125
58 0.8265625 0.41953125 0.05625 0.03125
58 0.9109375 0.59765625 0.0328125 0.028125
53 0.48828125 0.56640625 0.046875 0.028125