38 0.453125 0.7140625 0.028125 0.053125
54 0.109375 0.3171875 0.06875 0.0765625
3 0.3953125 0.4640625 0.0265625 0.05625
54 0.8296875 0.3171875 0.06875 0.075
54 0.165625 0.3171875 0.078125 0.08125
57 0.5015625 0.4140625 0.125 0.0171875
54 0.8828125 0.3171875 0.08125 0.078125
58 0.5 0.8 0.053125 0.0265625
53 0.5 0.5625 0.0421875 0.01875
58 0.5015625 0.3171875 0.053125 0.0234375
53 0.7359375 0.4140625 0.04375 0.021875
53 0.2640625 0.4125 0.0453125 0.0203125
55 0.775 0.3890625 0.0265625 0.0265625
58 0.890625 0.6765625 0.053125 0.0234375
58 0.859375 0.3875 0.0515625 0.0203125
58 0.1421875 0.3875 0.0515625 0.0234375
58 0.1109375 0.6765625 0.0484375 0.0203125
24 0.3109375 0.4640625 0.0265625 0.0578125
5 0.5046875 0.7140625 0.0234375 0.0578125
5 0.4796875 0.4625 0.0265625 0.0578125
28 0.3109375 0.4640625 0.0265625 0.0578125
6 0.4796875 0.4640625 0.0265625 0.0578125