3 0.31796875 0.43828125 0.034375 0.059375
54 0.13984375 0.26484375 0.0796875 0.0859375
54 0.19296875 0.271875 0.0875 0.0875
8 0.56875 0.4734375 0.034375 0.0609375
57 0.51171875 0.41484375 0.1296875 0.0359375
14 0.4015625 0.45 0.034375 0.059375
15 0.48515625 0.46171875 0.034375 0.0609375
58 0.459375 0.80078125 0.0578125 0.034375
58 0.159375 0.33984375 0.053125 0.0328125
53 0.49140625 0.56328125 0.046875 0.0265625
58 0.52734375 0.31796875 0.0296875 0.025
58 0.8625 0.72890625 0.0546875 0.028125
58 0.871875 0.43671875 0.053125 0.028125
58 0.08984375 0.621875 0.053125 0.028125
55 0.20859375 0.58515625 0.0296875 0.0296875
30 0.4765625 0.6984375 0.0359375 0.0640625
5 0.425 0.69453125 0.034375 0.0625
6 0.4765625 0.6984375 0.034375 0.0640625