35 0.43046875 0.47109375 0.0375 0.0609375
57 0.484375 0.4109375 0.1296875 0.0375
44 0.68125 0.43359375 0.034375 0.059375
36 0.34609375 0.48671875 0.0359375 0.0625
58 0.546875 0.79765625 0.0609375 0.0375
12 0.5140625 0.46015625 0.0359375 0.0609375
53 0.509375 0.56015625 0.0453125 0.025
58 0.1421875 0.73671875 0.0546875 0.0296875
58 0.8359375 0.33125 0.0546875 0.028125
58 0.9125 0.61484375 0.0515625 0.028125
33 0.1546875 0.34921875 0.03125 0.05625
58 0.46953125 0.31640625 0.0546875 0.0296875
58 0.12734375 0.4421875 0.0546875 0.0328125
55 0.75390625 0.34765625 0.03125 0.03125
58 0.8359375 0.3328125 0.0546875 0.03125
19 0.59765625 0.446875 0.034375 0.059375
47 0.16953125 0.640625 0.0359375 0.059375
39 0.12265625 0.64375 0.0375 0.0609375
25 0.109375 0.3515625 0.03125 0.0578125