20 0.0890625 0.39921875 0.03125 0.0578125
0 0.65234375 0.4765625 0.0328125 0.0609375
42 0.48203125 0.4625 0.0296875 0.0578125
57 0.5078125 0.4125 0.1359375 0.028125
55 0.82890625 0.565625 0.03125 0.028125
43 0.56640625 0.46875 0.03125 0.0578125
52 0.5140625 0.31796875 0.0484375 0.025
52 0.08046875 0.49140625 0.046875 0.021875
58 0.91953125 0.553125 0.059375 0.0265625
17 0.3140625 0.45078125 0.03125 0.0578125
49 0.88203125 0.4578125 0.0328125 0.05625
53 0.49375 0.5640625 0.046875 0.021875
52 0.48046875 0.80078125 0.053125 0.0265625
41 0.3984375 0.45703125 0.03125 0.059375
48 0.440625 0.69609375 0.0359375 0.0515625
28 0.04296875 0.40078125 0.03125 0.05625
24 0.49140625 0.6953125 0.034375 0.05625
5 0.92734375 0.4578125 0.03125 0.059375
48 0.440625 0.69609375 0.0359375 0.0515625
24 0.490625 0.696875 0.034375 0.05625
5 0.92734375 0.4578125 0.03125 0.059375