54 0.18671875 0.3390625 0.08125 0.08125
55 0.80859375 0.4296875 0.0328125 0.0296875
58 0.1671875 0.41015625 0.0359375 0.0234375
58 0.82734375 0.38671875 0.0359375 0.0234375
58 0.5109375 0.803125 0.0421875 0.0296875
57 0.496875 0.4140625 0.1046875 0.021875
54 0.13203125 0.340625 0.0703125 0.075
56 0.80703125 0.79921875 0.3859375 0.0921875
53 0.50234375 0.565625 0.0234375 0.021875
4 0.478125 0.46640625 0.028125 0.059375
42 0.30859375 0.47421875 0.028125 0.0546875
20 0.39453125 0.47109375 0.028125 0.0578125
41 0.46015625 0.70625 0.028125 0.0578125
47 0.51015625 0.7015625 0.03125 0.0625