57 0.490625 0.41328125 0.1296875 0.028125
52 0.525 0.80078125 0.0546875 0.0296875
54 0.89140625 0.4171875 0.084375 0.084375
53 0.81328125 0.48046875 0.0328125 0.0234375
54 0.94375 0.4125 0.075 0.0796875
52 0.4828125 0.31796875 0.05 0.025
53 0.5078125 0.6265625 0.0421875 0.0203125
55 0.1703125 0.56953125 0.03125 0.03125
58 0.08046875 0.55859375 0.0578125 0.0265625
58 0.91953125 0.48671875 0.05 0.028125
55 0.48125 0.59140625 0.0296875 0.0359375
13 0.5640625 0.6984375 0.034375 0.059375
7 0.51484375 0.70078125 0.0328125 0.0625