57 0.4953125 0.4125 0.1296875 0.028125
54 0.04609375 0.48125 0.0734375 0.0796875
54 0.10234375 0.47734375 0.0828125 0.0828125
53 0.5046875 0.5625 0.0453125 0.0234375
54 0.9375 0.41796875 0.0828125 0.0796875
39 0.30859375 0.47421875 0.03125 0.0609375
58 0.52109375 0.79921875 0.0609375 0.03125
55 0.44609375 0.64609375 0.03125 0.0296875
54 0.884375 0.42109375 0.0703125 0.0765625
58 0.3890625 0.32265625 0.0515625 0.0265625
58 0.796875 0.33671875 0.0515625 0.0265625
58 0.9203125 0.4890625 0.053125 0.025
58 0.08046875 0.55 0.0484375 0.025
58 0.1828125 0.38125 0.053125 0.0265625
53 0.81875 0.4859375 0.04375 0.0234375
58 0.58515625 0.309375 0.053125 0.0265625
42 0.39296875 0.46796875 0.0296875 0.0578125
43 0.47734375 0.4640625 0.0296875 0.05625