23 0.48125 0.46171875 0.0296875 0.0578125
42 0.396875 0.45859375 0.0296875 0.059375
57 0.5046875 0.4125 0.121875 0.021875
52 0.49140625 0.8015625 0.053125 0.028125
38 0.49609375 0.6984375 0.03125 0.0625
52 0.5078125 0.3171875 0.0484375 0.021875
52 0.08046875 0.50546875 0.04375 0.021875
55 0.16484375 0.52734375 0.03125 0.028125
58 0.91953125 0.53828125 0.059375 0.021875
53 0.49765625 0.5640625 0.04375 0.021875
17 0.3125 0.45625 0.0296875 0.0578125
15 0.0859375 0.41171875 0.028125 0.0578125
37 0.92734375 0.44296875 0.028125 0.0578125
45 0.44609375 0.7 0.03125 0.0609375
36 0.04140625 0.41484375 0.028125 0.05625
35 0.88046875 0.44609375 0.03125 0.0578125
25 0.3125 0.45625 0.028125 0.0578125