49 0.5078125 0.6984375 0.0328125 0.0625
15 0.39453125 0.4640625 0.03125 0.0578125
57 0.5015625 0.4125 0.121875 0.01875
55 0.16640625 0.54609375 0.028125 0.028125
52 0.4984375 0.3171875 0.046875 0.021875
52 0.08046875 0.52734375 0.0453125 0.021875
42 0.47890625 0.4625 0.028125 0.05625
58 0.50546875 0.803125 0.05625 0.028125
58 0.9203125 0.51640625 0.059375 0.0234375
44 0.31015625 0.4671875 0.028125 0.0578125
53 0.50234375 0.5640625 0.0421875 0.0203125
37 0.45859375 0.70234375 0.0296875 0.059375
41 0.03671875 0.4390625 0.028125 0.053125
13 0.08203125 0.43671875 0.028125 0.0578125