57 0.5046875 0.4140625 0.1265625 0.025
53 0.49765625 0.5640625 0.0421875 0.0203125
55 0.43125 0.64140625 0.0296875 0.028125
52 0.50625 0.31875 0.0484375 0.0234375
22 0.56640625 0.46796875 0.028125 0.05625
47 0.92734375 0.44296875 0.0328125 0.059375
58 0.07890625 0.50703125 0.0515625 0.0234375
58 0.48984375 0.8 0.028125 0.028125
58 0.91953125 0.53828125 0.046875 0.0234375
10 0.48125 0.46328125 0.0296875 0.0578125
29 0.3125 0.4578125 0.028125 0.0609375
18 0.396875 0.46171875 0.0296875 0.059375
3 0.4671875 0.225 0.03125 0.0578125
2 0.5125 0.2234375 0.0296875 0.05625
25 0.65078125 0.47265625 0.025 0.059375
41 0.87890625 0.44765625 0.025 0.053125