57 0.51796875 0.415625 0.125 0.040625
27 0.3203125 0.43203125 0.0375 0.0609375
35 0.88359375 0.50078125 0.0390625 0.059375
52 0.44765625 0.7984375 0.05625 0.034375
49 0.65234375 0.490625 0.0359375 0.0609375
53 0.48828125 0.56484375 0.046875 0.028125
55 0.821875 0.6 0.0328125 0.03125
58 0.9109375 0.59765625 0.05 0.0296875
58 0.53125 0.321875 0.05625 0.0328125
33 0.56953125 0.47578125 0.0359375 0.0609375
15 0.46953125 0.69765625 0.0390625 0.065625
8 0.403125 0.44765625 0.0375 0.0609375
44 0.41953125 0.6953125 0.0390625 0.065625
40 0.93046875 0.5046875 0.0375 0.0609375
58 0.08203125 0.4515625 0.053125 0.03125
49 0.4859375 0.4609375 0.0359375 0.059375
50 0.4859375 0.4609375 0.0359375 0.059375