54 0.16953125 0.2703125 0.0765625 0.0828125
58 0.84296875 0.45 0.0390625 0.0265625
58 0.190625 0.346875 0.0390625 0.0265625
54 0.225 0.28046875 0.0875 0.0890625
58 0.4546875 0.7984375 0.0453125 0.034375
6 0.421875 0.69140625 0.0375 0.0578125
55 0.20234375 0.39140625 0.0359375 0.034375
57 0.5140625 0.41328125 0.10625 0.0328125
48 0.31875 0.43515625 0.034375 0.059375
27 0.40234375 0.4484375 0.0328125 0.059375
49 0.4859375 0.4609375 0.0359375 0.0625
6 0.56796875 0.47890625 0.0359375 0.059375
1 0.4734375 0.7 0.0359375 0.0625
6 0.42109375 0.69609375 0.0375 0.0609375