52 0.79140625 0.38125 0.0484375 0.025
55 0.425 0.6390625 0.028125 0.028125
58 0.4734375 0.80390625 0.059375 0.03125
58 0.24921875 0.33359375 0.053125 0.0265625
58 0.91796875 0.56171875 0.0390625 0.025
52 0.771875 0.72890625 0.05 0.025
52 0.19453125 0.67890625 0.0515625 0.025
57 0.50703125 0.415625 0.128125 0.0328125
21 0.1578125 0.5890625 0.0328125 0.05625
22 0.20546875 0.5859375 0.0328125 0.0515625
47 0.7375 0.63671875 0.03125 0.059375
11 0.7828125 0.6375 0.0296875 0.05625
19 0.88203125 0.46875 0.0359375 0.0578125
17 0.928125 0.46875 0.0296875 0.0578125
24 0.75546875 0.28984375 0.0328125 0.0578125
0 0.80078125 0.29140625 0.034375 0.059375
53 0.4 0.58359375 0.0328125 0.021875
53 0.4953125 0.5671875 0.0421875 0.01875
53 0.58515625 0.6 0.03125 0.0203125