58 0.5109375 0.803125 0.0703125 0.0296875
57 0.496875 0.4125 0.134375 0.021875
55 0.4421875 0.64609375 0.0296875 0.028125
58 0.08046875 0.53671875 0.028125 0.0234375
12 0.478125 0.46484375 0.028125 0.059375
52 0.4953125 0.3171875 0.0484375 0.021875
58 0.21796875 0.71484375 0.0578125 0.021875
58 0.23125 0.3671875 0.05625 0.0234375
53 0.50234375 0.5640625 0.05 0.021875
58 0.77421875 0.3484375 0.0546875 0.0234375
58 0.92109375 0.50703125 0.0484375 0.0234375
58 0.79609375 0.69453125 0.0578125 0.0234375
35 0.03515625 0.44921875 0.03125 0.05625
33 0.4484375 0.2296875 0.0265625 0.0546875
23 0.646875 0.45859375 0.0296875 0.0578125
46 0.309375 0.46875 0.028125 0.0578125
39 0.49375 0.225 0.028125 0.0546875
37 0.08203125 0.44453125 0.0265625 0.0578125
6 0.39375 0.46796875 0.0296875 0.0578125
16 0.5625 0.46171875 0.0296875 0.059375
6 0.39375 0.46796875 0.0296875 0.0578125
16 0.5625 0.46171875 0.0296875 0.059375
37 0.08203125 0.44453125 0.0265625 0.0546875
55 0.26171875 0.66796875 0.028125 0.021875