49 0.5328125 0.69765625 0.0390625 0.0671875
12 0.3078125 0.490625 0.034375 0.0625
57 0.48984375 0.41484375 0.125 0.0359375
55 0.45625 0.6515625 0.0296875 0.0296875
52 0.08828125 0.5796875 0.05 0.0265625
36 0.034375 0.49765625 0.0359375 0.0578125
53 0.50859375 0.56328125 0.0453125 0.0265625
52 0.54375 0.8 0.0578125 0.0328125
58 0.92109375 0.46484375 0.0515625 0.028125
17 0.39140625 0.47890625 0.03125 0.059375
23 0.909375 0.36953125 0.0375 0.0578125
37 0.48359375 0.7078125 0.0359375 0.0625
21 0.07734375 0.48828125 0.034375 0.059375
1 0.55859375 0.45546875 0.0328125 0.059375
15 0.6421875 0.44375 0.034375 0.059375
42 0.86484375 0.37890625 0.034375 0.0578125
4 0.4765625 0.4671875 0.034375 0.0625