0 0.3203125 0.43203125 0.0359375 0.059375
57 0.51796875 0.4140625 0.128125 0.0390625
58 0.44765625 0.796875 0.06875 0.0375
54 0.5171875 0.23046875 0.0734375 0.0609375
54 0.5703125 0.2375 0.08125 0.0609375
55 0.796875 0.44609375 0.03125 0.0296875
58 0.08359375 0.4484375 0.0625 0.0296875
58 0.26484375 0.3125 0.059375 0.03125
21 0.4859375 0.4609375 0.0359375 0.0609375
58 0.1796875 0.6515625 0.053125 0.028125
58 0.53203125 0.3203125 0.053125 0.028125
58 0.80078125 0.40703125 0.059375 0.03125
58 0.91015625 0.59453125 0.0625 0.03125
29 0.403125 0.44609375 0.034375 0.0625
53 0.4890625 0.56328125 0.0453125 0.0265625