32 0.46875 0.70703125 0.0359375 0.0640625
0 0.47734375 0.465625 0.0328125 0.0609375
57 0.4953125 0.4140625 0.128125 0.028125
53 0.4140625 0.596875 0.0328125 0.021875
55 0.16953125 0.565625 0.0296875 0.0296875
52 0.4890625 0.3171875 0.0484375 0.0234375
44 0.39296875 0.47265625 0.0328125 0.059375
52 0.52265625 0.80234375 0.053125 0.028125
52 0.92265625 0.49375 0.0484375 0.0234375
53 0.5046875 0.5640625 0.04375 0.025
22 0.07890625 0.45859375 0.03125 0.0578125
29 0.30703125 0.47734375 0.03125 0.0609375
58 0.08046875 0.5515625 0.0515625 0.025
51 0.56171875 0.459375 0.0328125 0.059375
38 0.03359375 0.465625 0.0296875 0.05625
6 0.91875 0.3984375 0.0328125 0.0578125
15 0.87265625 0.40625 0.034375 0.05625
46 0.51875 0.69921875 0.034375 0.0609375
50 0.646875 0.45390625 0.0296875 0.0578125