57 0.496875 0.4125 0.115625 0.0203125
54 0.19921875 0.28828125 0.0796875 0.0796875
54 0.14375 0.6125 0.065625 0.075
54 0.0875 0.61328125 0.0796875 0.0796875
54 0.25390625 0.28671875 0.06875 0.075
49 0.55234375 0.70546875 0.03125 0.059375
58 0.8921875 0.66953125 0.034375 0.021875
51 0.68828125 0.459375 0.03125 0.0578125
58 0.1109375 0.68359375 0.0328125 0.021875
10 0.51953125 0.4625 0.0296875 0.0578125
55 0.76015625 0.621875 0.028125 0.0265625
58 0.50390625 0.8015625 0.053125 0.0265625
33 0.43515625 0.46484375 0.028125 0.059375
58 0.77109375 0.3515625 0.0359375 0.021875
29 0.4984375 0.7 0.028125 0.0625
58 0.22421875 0.359375 0.0359375 0.021875
53 0.50078125 0.565625 0.034375 0.0203125
21 0.60546875 0.4625 0.028125 0.05625