58 0.79453125 0.70078125 0.0484375 0.021875
58 0.50546875 0.8046875 0.0546875 0.0265625
52 0.496875 0.3171875 0.0484375 0.0234375
55 0.78125 0.390625 0.028125 0.0265625
58 0.9203125 0.51640625 0.034375 0.021875
57 0.4953125 0.4140625 0.1265625 0.0203125
58 0.07890625 0.53046875 0.0515625 0.0234375
58 0.21953125 0.3625 0.05 0.0234375
58 0.76328125 0.3515625 0.0484375 0.0234375
58 0.21171875 0.7109375 0.05 0.0234375
30 0.68828125 0.4625 0.028125 0.053125
24 0.60390625 0.465625 0.0265625 0.05625
51 0.51953125 0.465625 0.028125 0.05625
12 0.43515625 0.46640625 0.0265625 0.05625
27 0.34921875 0.46953125 0.028125 0.0546875
42 0.9609375 0.4265625 0.028125 0.053125
37 0.915625 0.42421875 0.0265625 0.0546875
33 0.5375 0.23046875 0.0265625 0.053125
34 0.490625 0.2265625 0.0296875 0.053125