0 0.51484375 0.69921875 0.034375 0.0640625
4 0.39375 0.46953125 0.0296875 0.0609375
48 0.3109375 0.47421875 0.03125 0.059375
57 0.496875 0.4125 0.1265625 0.0234375
54 0.1390625 0.625 0.0828125 0.0828125
54 0.084375 0.6265625 0.0671875 0.0765625
3 0.465625 0.70546875 0.034375 0.0625
58 0.13515625 0.4046875 0.046875 0.0234375
58 0.515625 0.79921875 0.05625 0.0296875
53 0.503125 0.5640625 0.0453125 0.0234375
58 0.4921875 0.315625 0.053125 0.025
58 0.11953125 0.6984375 0.05 0.025
55 0.7828125 0.60859375 0.03125 0.028125
58 0.89921875 0.6578125 0.053125 0.0265625
58 0.853125 0.3671875 0.0515625 0.025
7 0.478125 0.46328125 0.028125 0.059375