54 0.11875 0.3703125 0.0734375 0.08125
20 0.39140625 0.47734375 0.0328125 0.059375
58 0.81640625 0.36015625 0.0359375 0.025
56 0.81875 0.77109375 0.3625 0.1234375
47 0.52890625 0.69765625 0.0359375 0.0625
54 0.175 0.36328125 0.0859375 0.0875
55 0.8015625 0.40625 0.0328125 0.03125
58 0.159375 0.44140625 0.0390625 0.0265625
41 0.478125 0.70546875 0.034375 0.059375
57 0.4890625 0.41328125 0.1140625 0.03125
42 0.30625 0.4875 0.0328125 0.059375
53 0.5078125 0.56171875 0.034375 0.025
4 0.47578125 0.4671875 0.0328125 0.0609375
15 0.559375 0.45625 0.0328125 0.059375
15 0.5578125 0.45703125 0.0328125 0.0609375
58 0.5390625 0.80390625 0.0421875 0.03125