19 0.5453125 0.7046875 0.03125 0.0609375
57 0.5 0.4140625 0.1328125 0.0171875
55 0.5640625 0.6453125 0.0265625 0.0265625
52 0.4984375 0.3171875 0.046875 0.021875
52 0.5 0.803125 0.05 0.0234375
18 0.4953125 0.7 0.028125 0.059375
29 0.6046875 0.465625 0.025 0.0578125
58 0.078125 0.5234375 0.059375 0.021875
51 0.4359375 0.4640625 0.028125 0.059375
58 0.9203125 0.5234375 0.05 0.0234375
21 0.496875 0.2234375 0.0265625 0.0546875
4 0.51875 0.4640625 0.0265625 0.059375
53 0.5921875 0.590625 0.05 0.01875
53 0.5 0.565625 0.040625 0.0203125
5 0.690625 0.4640625 0.0265625 0.0578125
35 0.121875 0.4328125 0.03125 0.0546875
14 0.0734375 0.43125 0.025 0.0515625
27 0.5421875 0.23125 0.025 0.0515625