58 0.4578125 0.8015625 0.0609375 0.0328125
54 0.8 0.6796875 0.0734375 0.08125
54 0.7453125 0.671875 0.0875 0.0859375
58 0.759375 0.74453125 0.0546875 0.0296875
54 0.4671875 0.24140625 0.075 0.08125
58 0.91328125 0.58203125 0.053125 0.028125
54 0.41484375 0.23203125 0.0875 0.0859375
58 0.2140625 0.32109375 0.0546875 0.0296875
58 0.08046875 0.46484375 0.05625 0.0296875
58 0.62109375 0.334375 0.053125 0.0265625
57 0.51015625 0.41484375 0.128125 0.0359375
55 0.3921875 0.33515625 0.03125 0.028125
58 0.18359375 0.6640625 0.053125 0.028125
58 0.428125 0.30703125 0.0546875 0.028125
53 0.490625 0.56484375 0.04375 0.025
58 0.82421875 0.40703125 0.0296875 0.021875
8 0.690625 0.49375 0.034375 0.059375
16 0.60859375 0.48203125 0.03125 0.059375
32 0.525 0.4703125 0.0375 0.0625
34 0.44140625 0.45859375 0.034375 0.0609375
25 0.3578125 0.4453125 0.03125 0.0578125