55 0.4484375 0.35390625 0.028125 0.0265625
58 0.084375 0.5453125 0.034375 0.0234375
52 0.5171875 0.80078125 0.053125 0.0296875
57 0.496875 0.4125 0.1125 0.0234375
58 0.490625 0.31875 0.0375 0.0234375
16 0.478125 0.46640625 0.0296875 0.0578125
18 0.3078125 0.47578125 0.0265625 0.05625
41 0.3921875 0.47109375 0.028125 0.0578125
8 0.5640625 0.4640625 0.0296875 0.0578125
11 0.646875 0.459375 0.03125 0.0578125
53 0.50390625 0.5671875 0.028125 0.0171875
32 0.465625 0.71015625 0.0328125 0.0625
31 0.5140625 0.70234375 0.0328125 0.0609375
49 0.08125 0.4515625 0.0296875 0.0578125
34 0.034375 0.45859375 0.0296875 0.053125