11 0.48515625 0.46171875 0.0359375 0.0625
51 0.4234375 0.70546875 0.0390625 0.059375
57 0.5140625 0.41328125 0.11875 0.034375
12 0.31796875 0.43828125 0.0359375 0.0609375
47 0.56875 0.4734375 0.0359375 0.0609375
1 0.4015625 0.45 0.0328125 0.059375
58 0.08984375 0.6203125 0.0359375 0.025
55 0.41640625 0.63359375 0.0296875 0.028125
52 0.8625 0.72890625 0.0484375 0.028125
58 0.790625 0.39609375 0.053125 0.028125
58 0.25078125 0.31953125 0.05 0.028125
29 0.65234375 0.48515625 0.0328125 0.0609375
58 0.459375 0.79921875 0.0546875 0.03125
35 0.8328125 0.63359375 0.0359375 0.053125
53 0.49140625 0.56328125 0.0328125 0.0234375
23 0.475 0.7125 0.0375 0.0640625
7 0.80703125 0.3015625 0.034375 0.0578125
13 0.87890625 0.63515625 0.028125 0.0515625
35 0.83203125 0.63203125 0.0359375 0.053125
27 0.76171875 0.3 0.0375 0.0609375