57 0.509375 0.41328125 0.1296875 0.0296875
52 0.475 0.80234375 0.0546875 0.03125
54 0.05625 0.4109375 0.075 0.0796875
55 0.425 0.6375 0.03125 0.03125
54 0.94609375 0.490625 0.0859375 0.0875
52 0.5171875 0.31796875 0.05 0.025
54 0.10859375 0.4171875 0.084375 0.0828125
54 0.89296875 0.4875 0.0734375 0.0828125
53 0.8125 0.53515625 0.0328125 0.0234375
53 0.4921875 0.6265625 0.04375 0.0234375
58 0.91640625 0.56015625 0.0609375 0.025
34 0.4359375 0.6984375 0.0359375 0.0625
53 0.18671875 0.48046875 0.0328125 0.025
58 0.08125 0.48515625 0.0515625 0.028125
13 0.4875 0.7 0.0359375 0.065625