54 0.1484375 0.3265625 0.0859375 0.0859375
57 0.48984375 0.41484375 0.128125 0.0328125
58 0.53203125 0.8015625 0.0609375 0.0328125
54 0.2578125 0.6609375 0.071875 0.08125
58 0.23203125 0.73359375 0.053125 0.0265625
54 0.203125 0.3203125 0.0765625 0.0828125
58 0.57734375 0.309375 0.053125 0.0265625
58 0.9203125 0.478125 0.053125 0.0265625
58 0.1796875 0.39375 0.0546875 0.0296875
58 0.084375 0.5640625 0.0546875 0.028125
58 0.79140625 0.3296875 0.053125 0.0296875
58 0.3828125 0.328125 0.053125 0.0265625
58 0.80859375 0.671875 0.025 0.025
54 0.2015625 0.66640625 0.0890625 0.0875
55 0.16484375 0.57265625 0.034375 0.03125
53 0.50546875 0.565625 0.046875 0.025
30 0.51640625 0.4640625 0.03125 0.05625
15 0.60234375 0.4546875 0.0328125 0.0578125
19 0.684375 0.44765625 0.034375 0.0609375