12 0.09375 0.35546875 0.0375 0.0640625
39 0.44296875 0.453125 0.0375 0.0625
30 0.609375 0.4828125 0.0375 0.0640625
57 0.51484375 0.4140625 0.1375 0.0421875
52 0.53046875 0.31953125 0.053125 0.0296875
52 0.44609375 0.7984375 0.0578125 0.0359375
55 0.16484375 0.48359375 0.034375 0.03125
52 0.08046875 0.4484375 0.046875 0.025
6 0.5265625 0.46796875 0.0375 0.0625
35 0.35859375 0.43828125 0.0375 0.0609375
53 0.575 0.60546875 0.0484375 0.028125
4 0.46015625 0.69765625 0.0421875 0.06875
51 0.1390625 0.36796875 0.040625 0.0625
53 0.4921875 0.56328125 0.0515625 0.0265625
58 0.91015625 0.59609375 0.053125 0.0296875
35 0.36015625 0.4390625 0.0390625 0.0625
37 0.9671875 0.5140625 0.0359375 0.0578125
21 0.6921875 0.49765625 0.0359375 0.0625
5 0.5109375 0.709375 0.040625 0.0671875
24 0.921875 0.503125 0.0390625 0.0640625