54 0.9328125 0.390625 0.0875 0.0875
55 0.6078125 0.33671875 0.0296875 0.028125
54 0.87734375 0.3984375 0.075 0.08125
58 0.54296875 0.803125 0.0609375 0.034375
54 0.74296875 0.2515625 0.0734375 0.0765625
54 0.7984375 0.2453125 0.0875 0.0859375
57 0.490625 0.41328125 0.13125 0.0359375
58 0.2421875 0.74296875 0.0546875 0.0296875
58 0.7859375 0.32109375 0.0546875 0.03125
58 0.91953125 0.46484375 0.0546875 0.028125
58 0.178125 0.4078125 0.053125 0.028125
58 0.37578125 0.3359375 0.0515625 0.0265625
58 0.57109375 0.30859375 0.0515625 0.028125
58 0.81640625 0.665625 0.0265625 0.025
53 0.509375 0.56640625 0.0453125 0.0265625
58 0.0890625 0.5828125 0.0296875 0.025
49 0.3078125 0.4921875 0.034375 0.059375
6 0.39140625 0.48046875 0.0359375 0.0609375
10 0.475 0.4703125 0.0328125 0.059375
7 0.55859375 0.45859375 0.034375 0.059375
2 0.6421875 0.446875 0.034375 0.0625