57 0.503125 0.4125 0.128125 0.0203125
52 0.49609375 0.803125 0.053125 0.028125
54 0.05078125 0.4421875 0.0703125 0.075
55 0.43515625 0.64296875 0.0296875 0.028125
54 0.94453125 0.459375 0.08125 0.0828125
52 0.5046875 0.3171875 0.0484375 0.021875
54 0.10390625 0.44453125 0.0796875 0.078125
54 0.89140625 0.46015625 0.06875 0.078125
53 0.8140625 0.51328125 0.03125 0.0203125
53 0.50078125 0.6265625 0.0421875 0.0203125
58 0.91953125 0.53046875 0.059375 0.021875
34 0.44921875 0.70234375 0.0328125 0.059375
53 0.1859375 0.50234375 0.03125 0.021875
58 0.08125 0.51484375 0.05 0.025
13 0.5015625 0.7 0.0328125 0.0625