35 0.56875 0.4703125 0.0359375 0.0609375
57 0.5140625 0.41015625 0.1296875 0.034375
44 0.31796875 0.43671875 0.034375 0.059375
36 0.65390625 0.48359375 0.034375 0.0625
58 0.4578125 0.7984375 0.0609375 0.0359375
12 0.48515625 0.46015625 0.034375 0.0609375
53 0.49140625 0.56015625 0.04375 0.025
58 0.86171875 0.73046875 0.0546875 0.028125
58 0.16171875 0.3375 0.053125 0.0265625
58 0.08984375 0.621875 0.0515625 0.0265625
33 0.8421875 0.34296875 0.03125 0.05625
58 0.52734375 0.31640625 0.0546875 0.028125
58 0.871875 0.43515625 0.0546875 0.03125
55 0.24296875 0.3515625 0.0296875 0.03125
58 0.1609375 0.3390625 0.0546875 0.0296875
19 0.4015625 0.4484375 0.034375 0.059375
47 0.8328125 0.63515625 0.0359375 0.059375
39 0.8796875 0.63671875 0.0375 0.059375
25 0.88828125 0.34453125 0.03125 0.0578125