8 0.3171875 0.44765625 0.0359375 0.0625
48 0.65234375 0.484375 0.034375 0.0578125
32 0.73515625 0.6421875 0.0421875 0.059375
35 0.39765625 0.45625 0.0328125 0.05625
39 0.48359375 0.465625 0.0328125 0.0578125
47 0.78046875 0.64453125 0.034375 0.05625
6 0.5671875 0.47265625 0.0359375 0.0625
46 0.48359375 0.70234375 0.0375 0.0625
41 0.43203125 0.7 0.0328125 0.0625
58 0.08046875 0.4828125 0.053125 0.0265625
58 0.5203125 0.32109375 0.040625 0.025
58 0.79296875 0.3890625 0.0421875 0.025
58 0.76875 0.7375 0.0375 0.0234375
58 0.1890625 0.678125 0.0609375 0.028125
52 0.46796875 0.8046875 0.0515625 0.028125
53 0.49453125 0.56875 0.046875 0.0234375
57 0.51015625 0.41640625 0.1296875 0.034375
55 0.7953125 0.42734375 0.034375 0.0328125