54 0.43984375 0.253125 0.0890625 0.0890625
54 0.49453125 0.246875 0.078125 0.084375
52 0.91171875 0.6234375 0.046875 0.0234375
55 0.24375 0.6625 0.034375 0.0328125
54 0.1609375 0.6578125 0.071875 0.0796875
53 0.50625 0.565625 0.0421875 0.025
58 0.13671875 0.7328125 0.0625 0.028125
58 0.475 0.3203125 0.065625 0.03125
54 0.1046875 0.6640625 0.090625 0.0859375
57 0.48671875 0.41484375 0.128125 0.0359375
58 0.540625 0.8015625 0.0703125 0.0359375
58 0.12890625 0.43984375 0.0625 0.0296875
58 0.840625 0.33984375 0.071875 0.03125
50 0.6828125 0.44140625 0.0359375 0.05625
32 0.59921875 0.4515625 0.0328125 0.0578125
36 0.515625 0.46484375 0.0328125 0.059375
40 0.43203125 0.475 0.0328125 0.0578125