58 0.84296875 0.34453125 0.05625 0.0328125
58 0.1296875 0.43203125 0.053125 0.028125
54 0.14453125 0.359375 0.0890625 0.090625
54 0.08984375 0.36640625 0.078125 0.0859375
54 0.8578125 0.271875 0.090625 0.0875
55 0.21328125 0.421875 0.0296875 0.0296875
54 0.8046875 0.278125 0.08125 0.084375
58 0.47734375 0.31875 0.03125 0.0265625
57 0.490625 0.41328125 0.128125 0.034375
58 0.53671875 0.79921875 0.0609375 0.03125
58 0.909375 0.62734375 0.053125 0.028125
58 0.134375 0.72421875 0.0515625 0.0296875
53 0.509375 0.56328125 0.04375 0.0234375
10 0.475 0.465625 0.0328125 0.059375
42 0.39140625 0.47734375 0.034375 0.0609375
11 0.3078125 0.4875 0.0359375 0.059375