12 0.4328125 0.4671875 0.0296875 0.0609375
57 0.4953125 0.4125 0.1265625 0.0234375
49 0.68671875 0.45390625 0.028125 0.0578125
58 0.515625 0.80078125 0.0546875 0.0296875
37 0.60234375 0.45859375 0.0265625 0.0578125
55 0.8359375 0.525 0.0296875 0.028125
38 0.51875 0.46328125 0.0296875 0.05625
53 0.503125 0.5640625 0.0421875 0.0203125
52 0.4890625 0.315625 0.0484375 0.025
52 0.92109375 0.5 0.0484375 0.0234375
36 0.95859375 0.40859375 0.03125 0.0578125
52 0.0796875 0.5421875 0.046875 0.021875
8 0.3484375 0.4734375 0.03125 0.059375
51 0.9109375 0.40625 0.0328125 0.0578125
1 0.071875 0.45078125 0.0296875 0.05625
16 0.11875 0.45546875 0.028125 0.0546875