57 0.49375 0.4140625 0.115625 0.025
52 0.4859375 0.31953125 0.0484375 0.0234375
47 0.6859375 0.45078125 0.0328125 0.059375
55 0.57421875 0.6390625 0.028125 0.028125
58 0.51953125 0.80234375 0.0390625 0.025
58 0.92109375 0.49375 0.0375 0.0234375
21 0.51796875 0.4625 0.0296875 0.0578125
53 0.5046875 0.5640625 0.0328125 0.021875
27 0.6015625 0.45703125 0.0296875 0.0578125
46 0.52265625 0.22421875 0.03125 0.05625
45 0.95859375 0.40078125 0.03125 0.05625
27 0.60234375 0.45859375 0.03125 0.059375
8 0.47734375 0.22578125 0.0328125 0.059375
52 0.36484375 0.26484375 0.0515625 0.0203125
18 0.909375 0.39921875 0.0296875 0.0578125