57 0.5125 0.41328125 0.1171875 0.0359375
54 0.240625 0.2390625 0.0890625 0.0890625
54 0.1296875 0.54921875 0.075 0.0828125
54 0.07421875 0.53984375 0.0890625 0.0890625
54 0.29453125 0.24765625 0.078125 0.0828125
49 0.515625 0.7109375 0.0390625 0.0640625
58 0.85703125 0.73515625 0.0375 0.0265625
51 0.69296875 0.4921875 0.0390625 0.0625
58 0.08515625 0.61328125 0.0359375 0.0265625
10 0.52578125 0.46640625 0.0375 0.0609375
55 0.73515625 0.665625 0.03125 0.03125
58 0.4515625 0.79765625 0.05625 0.0328125
33 0.4421875 0.4546875 0.0359375 0.0625
58 0.7921875 0.40078125 0.0390625 0.0265625
29 0.4640625 0.696875 0.0359375 0.065625
58 0.25234375 0.3140625 0.0390625 0.0265625
53 0.48984375 0.56484375 0.0375 0.025
21 0.6109375 0.48125 0.034375 0.059375