54 0.1046875 0.4515625 0.078125 0.0765625
54 0.05 0.453125 0.06875 0.0734375
54 0.2328125 0.634375 0.0796875 0.078125
54 0.1796875 0.6375 0.0671875 0.0765625
58 0.921875 0.5234375 0.05 0.021875
58 0.5 0.8046875 0.0546875 0.028125
57 0.5015625 0.415625 0.121875 0.01875
58 0.2109375 0.70625 0.05 0.0203125
58 0.790625 0.7046875 0.05 0.025
58 0.2359375 0.35625 0.05 0.021875
58 0.7796875 0.3578125 0.0484375 0.021875
52 0.08125 0.5234375 0.046875 0.01875
55 0.70625 0.640625 0.0265625 0.0265625
53 0.5 0.5640625 0.040625 0.021875
56 0.7984375 0.809375 0.384375 0.08125
33 0.3109375 0.4671875 0.025 0.05625
11 0.3953125 0.4671875 0.0265625 0.05625
45 0.4796875 0.4671875 0.0234375 0.05625