57 0.51171875 0.41484375 0.115625 0.0328125
52 0.5234375 0.3203125 0.05 0.0265625
47 0.6921875 0.490625 0.0359375 0.0609375
55 0.54375 0.6515625 0.0296875 0.0296875
58 0.45625 0.8 0.040625 0.0265625
58 0.91328125 0.58203125 0.0390625 0.025
21 0.525 0.4671875 0.034375 0.059375
53 0.49140625 0.56328125 0.034375 0.025
27 0.60859375 0.47890625 0.034375 0.059375
46 0.5796875 0.23515625 0.0359375 0.0578125
45 0.96875 0.4984375 0.0359375 0.0578125
27 0.60859375 0.48046875 0.034375 0.0609375
8 0.53515625 0.22734375 0.0359375 0.0609375
52 0.41640625 0.2421875 0.0515625 0.0234375
18 0.921875 0.48671875 0.034375 0.059375