30 0.4796875 0.4640625 0.0265625 0.0578125
57 0.5 0.4125 0.1265625 0.0203125
21 0.3109375 0.4640625 0.0234375 0.0546875
55 0.775 0.390625 0.0265625 0.0265625
19 0.3953125 0.4640625 0.0265625 0.0578125
20 0.5640625 0.465625 0.0265625 0.0578125
58 0.8921875 0.6765625 0.05 0.021875
53 0.5 0.5640625 0.04375 0.021875
58 0.5 0.3171875 0.0546875 0.0234375
58 0.1421875 0.3890625 0.05 0.021875
58 0.1109375 0.678125 0.05 0.021875
58 0.5 0.8015625 0.0546875 0.028125
58 0.859375 0.3875 0.05 0.021875
34 0.453125 0.7046875 0.0296875 0.0578125
39 0.5046875 0.703125 0.0296875 0.0609375