54 0.94140625 0.4359375 0.08125 0.08125
55 0.62421875 0.3484375 0.028125 0.0265625
54 0.8859375 0.43828125 0.06875 0.075
58 0.5109375 0.80625 0.059375 0.028125
54 0.7671875 0.278125 0.0671875 0.0703125
54 0.8234375 0.27734375 0.08125 0.0796875
57 0.5 0.4125 0.1296875 0.0234375
58 0.21796875 0.71484375 0.053125 0.025
58 0.803125 0.3515625 0.053125 0.0265625
58 0.92109375 0.50859375 0.0515625 0.0234375
58 0.1890625 0.375 0.05 0.0234375
58 0.39375 0.32421875 0.05 0.021875
58 0.590625 0.3171875 0.0484375 0.0234375
58 0.79765625 0.69765625 0.0234375 0.0234375
53 0.50234375 0.5671875 0.0421875 0.021875
58 0.08203125 0.53984375 0.0265625 0.0234375
49 0.31015625 0.471875 0.028125 0.0578125
6 0.39453125 0.46953125 0.0296875 0.059375
10 0.47890625 0.46796875 0.0265625 0.0578125
7 0.5625 0.46484375 0.028125 0.0578125
2 0.646875 0.46171875 0.028125 0.0609375