39 0.496875 0.6984375 0.0296875 0.0609375
57 0.496875 0.4125 0.121875 0.01875
52 0.4984375 0.8015625 0.0546875 0.0265625
52 0.4984375 0.3171875 0.0484375 0.021875
32 0.546875 0.703125 0.03125 0.059375
12 0.434375 0.4640625 0.0296875 0.059375
9 0.496875 0.2234375 0.0265625 0.05625
49 0.5203125 0.4640625 0.0265625 0.059375
55 0.54375 0.35 0.0265625 0.028125
53 0.5 0.5640625 0.0421875 0.0203125
17 0.690625 0.4640625 0.0265625 0.059375
44 0.6046875 0.4640625 0.028125 0.0578125
58 0.9203125 0.5234375 0.05 0.0234375
58 0.0765625 0.5234375 0.05625 0.0203125
41 0.5421875 0.2265625 0.0265625 0.0546875
7 0.075 0.4265625 0.0296875 0.05625
17 0.6890625 0.4640625 0.0265625 0.0578125
23 0.121875 0.4328125 0.025 0.05