57 0.50625 0.4140625 0.1265625 0.03125
54 0.9078125 0.359375 0.0765625 0.0828125
54 0.853125 0.3515625 0.0859375 0.0859375
53 0.49296875 0.5640625 0.04375 0.0265625
55 0.5484375 0.6515625 0.0296875 0.0296875
58 0.46796875 0.8015625 0.0578125 0.0328125
21 0.69296875 0.484375 0.03125 0.0578125
58 0.51875 0.31953125 0.0515625 0.0296875
58 0.09296875 0.634375 0.053125 0.0265625
58 0.86875 0.42734375 0.053125 0.0296875
58 0.86953125 0.71796875 0.0515625 0.028125
58 0.1546875 0.34921875 0.0515625 0.0265625
34 0.6078125 0.475 0.0328125 0.059375
1 0.52421875 0.46640625 0.0328125 0.0609375
46 0.525 0.71015625 0.0390625 0.0609375
39 0.47578125 0.7015625 0.034375 0.0625