57 0.5046875 0.4125 0.1296875 0.028125
54 0.94609375 0.4734375 0.0828125 0.0828125
54 0.89140625 0.4703125 0.0703125 0.0765625
54 0.0515625 0.425 0.0703125 0.071875
54 0.1078125 0.4265625 0.0796875 0.078125
53 0.496875 0.5640625 0.025 0.0203125
52 0.08046875 0.5015625 0.046875 0.021875
58 0.78515625 0.37265625 0.0359375 0.0234375
58 0.20078125 0.6921875 0.0484375 0.0234375
58 0.4859375 0.8046875 0.040625 0.0265625
53 0.3078125 0.58359375 0.025 0.021875
58 0.7796875 0.72265625 0.0359375 0.021875
58 0.509375 0.31875 0.0375 0.0234375
53 0.18203125 0.48359375 0.0328125 0.021875
53 0.81796875 0.51640625 0.0328125 0.01875
58 0.91875 0.546875 0.0328125 0.0234375