54 0.21484375 0.26875 0.06875 0.0765625
54 0.053125 0.428125 0.071875 0.0796875
54 0.1078125 0.4296875 0.0828125 0.0828125
54 0.26953125 0.2734375 0.0828125 0.084375
36 0.31484375 0.4546875 0.03125 0.059375
58 0.484375 0.80234375 0.0671875 0.0296875
58 0.24375 0.34296875 0.0578125 0.0265625
55 0.28828125 0.628125 0.0265625 0.0265625
58 0.78671875 0.37265625 0.0578125 0.025
58 0.5109375 0.31875 0.0515625 0.0265625
58 0.91875 0.54375 0.0640625 0.025
58 0.08046875 0.5 0.0578125 0.025
58 0.7796875 0.71953125 0.0609375 0.025
58 0.20078125 0.6890625 0.0515625 0.025
29 0.39765625 0.45859375 0.028125 0.059375
37 0.565625 0.465625 0.028125 0.0578125
53 0.496875 0.5625 0.0421875 0.0203125
58 0.4828125 0.58671875 0.01875 0.0265625
27 0.48125 0.46484375 0.028125 0.0578125
57 0.50625 0.415625 0.125 0.0234375