54 0.8875 0.390625 0.078125 0.084375
20 0.609375 0.4828125 0.0359375 0.059375
58 0.19140625 0.34375 0.0375 0.0265625
56 0.17421875 0.753125 0.3484375 0.14375
47 0.4609375 0.69609375 0.0390625 0.0640625
54 0.83203125 0.38046875 0.0890625 0.090625
55 0.20390625 0.390625 0.034375 0.0328125
58 0.84375 0.459375 0.0390625 0.028125
41 0.5109375 0.70625 0.0375 0.0609375
57 0.51484375 0.4140625 0.1140625 0.0359375
42 0.69375 0.49765625 0.0359375 0.059375
53 0.4890625 0.56171875 0.034375 0.0265625
4 0.5265625 0.46796875 0.0359375 0.0609375
15 0.44296875 0.453125 0.0359375 0.059375
15 0.44453125 0.45390625 0.0359375 0.0609375
58 0.4453125 0.8015625 0.04375 0.0328125