54 0.525 0.246875 0.0796875 0.078125
54 0.8578125 0.6109375 0.0640625 0.0765625
54 0.915625 0.609375 0.0796875 0.078125
52 0.109375 0.6796875 0.04375 0.0171875
54 0.4703125 0.2484375 0.06875 0.075
55 0.7765625 0.625 0.03125 0.028125
54 0.884375 0.3203125 0.08125 0.0828125
54 0.828125 0.3203125 0.06875 0.078125
53 0.503125 0.565625 0.0390625 0.01875
58 0.5 0.31875 0.0625 0.021875
58 0.890625 0.6796875 0.059375 0.0203125
57 0.503125 0.4140625 0.128125 0.01875
58 0.5015625 0.8046875 0.0671875 0.0265625
58 0.8609375 0.390625 0.059375 0.0265625
58 0.1421875 0.3890625 0.059375 0.021875
4 0.3109375 0.4671875 0.0265625 0.05625
17 0.3953125 0.465625 0.0265625 0.0578125
32 0.4796875 0.465625 0.025 0.0578125
24 0.5640625 0.4671875 0.025 0.05625