57 0.48671875 0.41640625 0.125 0.034375
55 0.58359375 0.63515625 0.0296875 0.0296875
18 0.515625 0.46328125 0.034375 0.059375
27 0.68203125 0.43828125 0.034375 0.059375
53 0.509375 0.56640625 0.04375 0.025
19 0.59921875 0.4515625 0.034375 0.0625
52 0.5421875 0.8015625 0.0546875 0.0328125
58 0.0859375 0.58359375 0.0515625 0.0265625
49 0.43203125 0.475 0.0359375 0.0609375
6 0.06953125 0.48984375 0.0375 0.059375
33 0.5734375 0.69765625 0.0375 0.0640625
58 0.91953125 0.46640625 0.053125 0.0296875
14 0.5234375 0.7 0.0359375 0.0640625
25 0.3484375 0.48671875 0.034375 0.0609375
9 0.11640625 0.4859375 0.0359375 0.0578125
25 0.11640625 0.4859375 0.0359375 0.0578125
5 0.11640625 0.4859375 0.0359375 0.0578125