55 0.1640625 0.53046875 0.0296875 0.028125
58 0.08046875 0.50703125 0.0359375 0.021875
52 0.490625 0.8046875 0.05 0.0234375
58 0.5078125 0.321875 0.034375 0.0234375
57 0.5046875 0.4140625 0.1140625 0.021875
13 0.0859375 0.41328125 0.028125 0.059375
53 0.49765625 0.565625 0.03125 0.01875
17 0.48125 0.46328125 0.0265625 0.0578125
49 0.49765625 0.7015625 0.0296875 0.065625
11 0.3125 0.4578125 0.0296875 0.0578125
51 0.44609375 0.7015625 0.0359375 0.065625
32 0.03984375 0.41796875 0.0328125 0.0578125
30 0.396875 0.46171875 0.0296875 0.0578125
35 0.3125 0.4609375 0.0296875 0.059375