57 0.4890625 0.41171875 0.1171875 0.034375
54 0.11640625 0.37265625 0.071875 0.0734375
56 0.8203125 0.7640625 0.359375 0.13125
55 0.18359375 0.484375 0.0328125 0.03125
41 0.30703125 0.49375 0.0328125 0.0609375
54 0.1703125 0.36796875 0.0859375 0.084375
2 0.55859375 0.45546875 0.034375 0.059375
58 0.8140625 0.3515625 0.0375 0.0265625
39 0.475 0.465625 0.0359375 0.0609375
58 0.5421875 0.7984375 0.0421875 0.03125
58 0.16015625 0.4421875 0.034375 0.0265625
9 0.39140625 0.48203125 0.03125 0.059375
6 0.6421875 0.44375 0.0375 0.059375
53 0.50859375 0.56171875 0.0328125 0.025
29 0.53125 0.69765625 0.034375 0.0640625
34 0.48203125 0.709375 0.0375 0.0578125