22 0.43828125 0.4609375 0.0296875 0.0578125
57 0.503125 0.4125 0.125 0.025
53 0.4953125 0.5640625 0.0421875 0.01875
55 0.55625 0.6453125 0.03125 0.0296875
52 0.5078125 0.3171875 0.05 0.0234375
58 0.484375 0.80234375 0.0578125 0.0296875
52 0.91875 0.54375 0.0484375 0.0234375
17 0.60625 0.46796875 0.028125 0.0578125
37 0.521875 0.46328125 0.0296875 0.059375
58 0.07578125 0.5 0.059375 0.025
23 0.0796875 0.40625 0.0328125 0.05625
51 0.690625 0.47265625 0.03125 0.059375
31 0.965625 0.45546875 0.03125 0.0578125
15 0.9203125 0.4484375 0.034375 0.0578125
27 0.965625 0.45390625 0.0328125 0.0578125
6 0.35234375 0.4546875 0.03125 0.059375
41 0.12734375 0.41328125 0.028125 0.0546875