54 0.84921875 0.6359375 0.06875 0.08125
54 0.90703125 0.63828125 0.084375 0.0828125
52 0.09765625 0.65234375 0.0453125 0.0203125
55 0.76875 0.64375 0.0328125 0.028125
57 0.5078125 0.4140625 0.1375 0.0265625
58 0.48046875 0.80390625 0.06875 0.03125
58 0.87734375 0.70625 0.0609375 0.0265625
58 0.86640625 0.415625 0.0609375 0.0265625
54 0.89453125 0.34453125 0.0875 0.084375
54 0.83984375 0.3421875 0.0734375 0.0796875
58 0.15078125 0.3640625 0.0609375 0.0265625
58 0.5125 0.31953125 0.0609375 0.0265625
53 0.4953125 0.565625 0.0421875 0.0203125
4 0.3140625 0.45390625 0.028125 0.0578125
17 0.39609375 0.45859375 0.0296875 0.059375
32 0.48203125 0.465625 0.03125 0.05625
24 0.56640625 0.471875 0.0296875 0.0578125
15 0.65078125 0.47578125 0.0296875 0.059375
53 0.74140625 0.43359375 0.04375 0.01875