0 0.3109375 0.4640625 0.0265625 0.05625
57 0.503125 0.4125 0.1265625 0.0171875
58 0.5 0.8015625 0.065625 0.0265625
54 0.4703125 0.23125 0.065625 0.05
54 0.5234375 0.2296875 0.0734375 0.0484375
55 0.7828125 0.3953125 0.0265625 0.025
58 0.08125 0.521875 0.059375 0.0203125
58 0.2359375 0.35625 0.05625 0.021875
21 0.4796875 0.4640625 0.0265625 0.0578125
58 0.2109375 0.7046875 0.05 0.0203125
58 0.5 0.3171875 0.05 0.0203125
58 0.7796875 0.35625 0.05625 0.021875
58 0.9203125 0.521875 0.059375 0.021875
29 0.3953125 0.4640625 0.025 0.059375
53 0.5 0.5640625 0.0421875 0.0203125