54 0.1671875 0.384375 0.090625 0.090625
55 0.18359375 0.4953125 0.0359375 0.0359375
58 0.55390625 0.7984375 0.0421875 0.0328125
57 0.48671875 0.41484375 0.1078125 0.0375
58 0.80859375 0.340625 0.0390625 0.028125
58 0.1578125 0.45703125 0.0390625 0.028125
54 0.11328125 0.39375 0.0796875 0.084375
54 0.76328125 0.27578125 0.0796875 0.0796875
54 0.81875 0.26640625 0.090625 0.0859375
53 0.51171875 0.56484375 0.0265625 0.0234375
41 0.30625 0.50078125 0.0328125 0.059375
27 0.390625 0.484375 0.034375 0.0578125
45 0.47421875 0.47109375 0.034375 0.059375
25 0.48984375 0.7109375 0.0359375 0.059375
21 0.53984375 0.69765625 0.034375 0.0625