8 0.3125 0.4671875 0.0296875 0.059375
48 0.65 0.46875 0.028125 0.0546875
32 0.7484375 0.6171875 0.0359375 0.05625
35 0.39375 0.4671875 0.028125 0.053125
39 0.4796875 0.4671875 0.0265625 0.0546875
47 0.79375 0.6140625 0.0296875 0.053125
6 0.5640625 0.465625 0.0296875 0.059375
46 0.5046875 0.703125 0.03125 0.059375
41 0.453125 0.70625 0.0265625 0.059375
58 0.08125 0.5265625 0.0515625 0.021875
58 0.5015625 0.3203125 0.0390625 0.0203125
58 0.7796875 0.359375 0.040625 0.0203125
58 0.7921875 0.7078125 0.0359375 0.0203125
58 0.209375 0.709375 0.059375 0.021875
52 0.5 0.80625 0.05 0.0234375
53 0.5015625 0.56875 0.0453125 0.01875
57 0.5015625 0.415625 0.128125 0.021875
55 0.7859375 0.396875 0.03125 0.0296875