54 0.19296875 0.64921875 0.0828125 0.08125
57 0.49375 0.4125 0.1171875 0.0265625
54 0.946875 0.4265625 0.071875 0.0765625
54 0.24765625 0.64765625 0.0671875 0.0765625
54 0.0546875 0.475 0.084375 0.0828125
54 0.78515625 0.2703125 0.06875 0.078125
54 0.89375 0.4296875 0.08125 0.08125
54 0.73046875 0.2734375 0.084375 0.084375
53 0.503125 0.5640625 0.0328125 0.0203125
54 0.109375 0.4734375 0.0703125 0.0796875
53 0.69296875 0.39765625 0.0296875 0.01875
58 0.0796875 0.54375 0.059375 0.025
55 0.5703125 0.640625 0.028125 0.028125
58 0.515625 0.80234375 0.0640625 0.03125
58 0.21484375 0.37109375 0.0484375 0.0234375
58 0.7578125 0.3421875 0.0578125 0.025
58 0.79921875 0.6875 0.0609375 0.0265625
53 0.8171875 0.48515625 0.0296875 0.01875
58 0.91796875 0.4984375 0.0578125 0.025
58 0.221875 0.71796875 0.059375 0.0234375
58 0.4890625 0.3171875 0.059375 0.025
57 0.5078125 0.65625 0.05 0.021875
57 0.50859375 0.6578125 0.0515625 0.0234375
8 0.50625 0.7015625 0.0328125 0.0609375
26 0.5578125 0.70078125 0.0296875 0.059375
26 0.5578125 0.70078125 0.03125 0.0609375