54 0.8984375 0.49296875 0.0859375 0.084375
54 0.95234375 0.50078125 0.0765625 0.0796875
54 0.7515625 0.66171875 0.0875 0.0859375
54 0.80390625 0.6703125 0.075 0.0828125
58 0.078125 0.47890625 0.0515625 0.0265625
58 0.46796875 0.803125 0.0578125 0.034375
57 0.50703125 0.415625 0.1234375 0.03125
58 0.765625 0.73515625 0.0515625 0.025
58 0.18984375 0.6734375 0.0515625 0.0296875
58 0.77734375 0.384375 0.0515625 0.0265625
58 0.23671875 0.3296875 0.05 0.0265625
52 0.9140625 0.5671875 0.0484375 0.0234375
55 0.28046875 0.61796875 0.0296875 0.0296875
53 0.49296875 0.5640625 0.0421875 0.0265625
56 0.1828125 0.77578125 0.365625 0.1203125
33 0.69140625 0.4875 0.03125 0.0578125
11 0.6078125 0.478125 0.0328125 0.059375
45 0.5234375 0.46953125 0.0296875 0.0578125