9 0.39296875 0.46953125 0.025 0.059375
57 0.5 0.4109375 0.1265625 0.0265625
54 0.55859375 0.24453125 0.06875 0.0765625
54 0.81875 0.6203125 0.0796875 0.08125
54 0.103125 0.4640625 0.08125 0.0796875
54 0.1828125 0.640625 0.0640625 0.06875
54 0.0484375 0.465625 0.06875 0.075
54 0.61328125 0.24140625 0.0796875 0.08125
54 0.36328125 0.25 0.0671875 0.075
54 0.41796875 0.24765625 0.08125 0.0796875
49 0.309375 0.46875 0.028125 0.05625
54 0.7625 0.621875 0.065625 0.0734375
54 0.2375 0.6390625 0.0796875 0.075
34 0.478125 0.46328125 0.028125 0.0578125
54 0.76875 0.2796875 0.06875 0.075
54 0.8234375 0.27734375 0.0828125 0.08125
58 0.51015625 0.8 0.059375 0.028125
58 0.08203125 0.53515625 0.0484375 0.0234375
53 0.50234375 0.5640625 0.04375 0.0234375
58 0.8015625 0.35 0.05 0.0265625
58 0.5921875 0.3140625 0.0515625 0.0234375
58 0.79765625 0.69609375 0.05 0.0234375
58 0.396875 0.31875 0.0515625 0.0234375
55 0.440625 0.64453125 0.028125 0.028125
58 0.21796875 0.71484375 0.05 0.0234375
58 0.1875 0.371875 0.05 0.0234375
58 0.92265625 0.50703125 0.0234375 0.0234375