57 0.48515625 0.4171875 0.125 0.0359375
55 0.5859375 0.63359375 0.0296875 0.0296875
18 0.51484375 0.4625 0.034375 0.059375
27 0.68125 0.43515625 0.034375 0.059375
53 0.51015625 0.56640625 0.0453125 0.025
19 0.59765625 0.45 0.0359375 0.0625
52 0.54765625 0.80078125 0.0546875 0.034375
58 0.0875 0.590625 0.0515625 0.028125
49 0.43125 0.47578125 0.0375 0.0609375
6 0.06953125 0.496875 0.0375 0.0609375
33 0.57734375 0.696875 0.0390625 0.0640625
58 0.91875 0.45859375 0.053125 0.03125
14 0.5265625 0.7 0.0375 0.0640625
25 0.34765625 0.4890625 0.0359375 0.0609375
9 0.11640625 0.49296875 0.0359375 0.0578125
25 0.11640625 0.49296875 0.0359375 0.0578125
5 0.11640625 0.49296875 0.0359375 0.0578125