39 0.56796875 0.471875 0.0328125 0.059375
57 0.51015625 0.41484375 0.1296875 0.034375
0 0.31640625 0.44296875 0.034375 0.0609375
52 0.52421875 0.31875 0.0484375 0.028125
38 0.6515625 0.48203125 0.03125 0.059375
58 0.46328125 0.80078125 0.0578125 0.0328125
58 0.18984375 0.66640625 0.0390625 0.0265625
35 0.49140625 0.225 0.034375 0.0578125
58 0.91640625 0.5734375 0.0484375 0.0265625
4 0.09453125 0.3796875 0.0359375 0.059375
58 0.7953125 0.39140625 0.046875 0.0265625
58 0.08203125 0.4703125 0.05 0.028125
2 0.40078125 0.4515625 0.0328125 0.0578125
36 0.53828125 0.22578125 0.0328125 0.0578125
16 0.484375 0.46328125 0.0328125 0.0609375
53 0.4921875 0.56484375 0.04375 0.025
16 0.484375 0.46328125 0.0328125 0.0609375
7 0.04921875 0.3765625 0.0328125 0.0578125
58 0.2546875 0.328125 0.0375 0.0265625