57 0.503125 0.4125 0.1171875 0.025
54 0.21484375 0.2671875 0.0828125 0.0828125
54 0.1375 0.5875 0.0671875 0.0765625
54 0.08125 0.584375 0.0828125 0.0828125
54 0.26953125 0.2703125 0.0703125 0.0765625
49 0.5375 0.70859375 0.0328125 0.0609375
58 0.87890625 0.696875 0.0359375 0.0234375
51 0.690625 0.47265625 0.0328125 0.059375
58 0.09921875 0.65546875 0.034375 0.0234375
10 0.521875 0.46328125 0.03125 0.059375
55 0.75078125 0.63984375 0.0296875 0.028125
58 0.4828125 0.80078125 0.0546875 0.028125
33 0.43828125 0.4609375 0.0296875 0.0609375
58 0.78046875 0.37109375 0.0375 0.0234375
29 0.48515625 0.69921875 0.0296875 0.0640625
58 0.234375 0.340625 0.0375 0.0234375
53 0.496875 0.565625 0.0359375 0.021875
21 0.6078125 0.46953125 0.0296875 0.0578125