57 0.4984375 0.4125 0.1265625 0.0234375
58 0.79765625 0.69765625 0.0515625 0.025
53 0.50234375 0.565625 0.0453125 0.0234375
52 0.8046875 0.353125 0.046875 0.0234375
58 0.5921875 0.3171875 0.0515625 0.0234375
58 0.1890625 0.375 0.0515625 0.0265625
58 0.92421875 0.50859375 0.05625 0.025
55 0.1953125 0.41875 0.028125 0.028125
58 0.08203125 0.53984375 0.0515625 0.0234375
53 0.4109375 0.59375 0.04375 0.021875
58 0.396875 0.321875 0.0515625 0.0234375
10 0.31015625 0.4703125 0.028125 0.05625
58 0.21875 0.71796875 0.0234375 0.0234375
52 0.51171875 0.8015625 0.05625 0.028125
16 0.478125 0.46484375 0.028125 0.0578125
46 0.51171875 0.7015625 0.0296875 0.0609375
47 0.46015625 0.7046875 0.0328125 0.0609375
47 0.46015625 0.70625 0.03125 0.0609375
15 0.39375 0.46796875 0.028125 0.0578125
24 0.80234375 0.2578125 0.0296875 0.05625
25 0.75625 0.2640625 0.025 0.053125
30 0.1421875 0.2859375 0.025 0.0546875
28 0.1890625 0.28125 0.0296875 0.05625