54 0.60078125 0.23359375 0.0734375 0.08125
54 0.7796875 0.60390625 0.0859375 0.0859375
54 0.2015625 0.66328125 0.0859375 0.084375
54 0.54609375 0.2390625 0.0859375 0.0859375
58 0.5296875 0.8 0.0609375 0.0359375
54 0.94375 0.403125 0.0765625 0.08125
54 0.88828125 0.40859375 0.0859375 0.084375
54 0.25546875 0.6578125 0.0765625 0.0796875
54 0.053125 0.496875 0.0859375 0.0859375
54 0.40625 0.25390625 0.0734375 0.08125
54 0.8328125 0.5984375 0.0734375 0.0796875
54 0.759375 0.2609375 0.0859375 0.0859375
54 0.1078125 0.490625 0.075 0.0828125
54 0.203125 0.31875 0.0765625 0.08125
54 0.35234375 0.259375 0.0859375 0.0859375
54 0.1484375 0.3234375 0.0859375 0.0859375
54 0.81328125 0.2546875 0.078125 0.084375
58 0.23203125 0.73203125 0.05 0.0265625
58 0.9203125 0.475 0.053125 0.0265625
58 0.80859375 0.6703125 0.0515625 0.0265625
53 0.50625 0.5609375 0.046875 0.028125
58 0.3828125 0.325 0.053125 0.025
57 0.4890625 0.41171875 0.1296875 0.034375
58 0.578125 0.3046875 0.053125 0.0265625
58 0.084375 0.5640625 0.053125 0.0265625
58 0.17890625 0.390625 0.0515625 0.0265625
56 0.23515625 0.8375 0.390625 0.115625
25 0.51640625 0.69921875 0.03125 0.0625
58 0.79140625 0.328125 0.053125 0.028125
55 0.18984375 0.43359375 0.0328125 0.0296875
53 0.18359375 0.54140625 0.04375 0.025
36 0.56640625 0.69765625 0.034375 0.059375
53 0.6984375 0.5765625 0.0453125 0.0234375
53 0.3203125 0.61640625 0.040625 0.021875