57 0.51328125 0.41328125 0.1296875 0.0390625
36 0.44140625 0.453125 0.0375 0.0625
12 0.09375 0.35546875 0.0375 0.0625
55 0.82265625 0.596875 0.0359375 0.034375
52 0.53046875 0.31953125 0.0515625 0.028125
53 0.4890625 0.56171875 0.046875 0.028125
58 0.91015625 0.59296875 0.053125 0.028125
58 0.44765625 0.796875 0.059375 0.0359375
21 0.5265625 0.46796875 0.0359375 0.059375
11 0.36015625 0.4390625 0.0390625 0.0609375
37 0.609375 0.48125 0.034375 0.0609375
48 0.1375 0.36796875 0.040625 0.0625
24 0.6921875 0.49765625 0.0390625 0.0640625
45 0.96953125 0.51015625 0.0375 0.0546875
58 0.07890625 0.44921875 0.059375 0.0296875
1 0.92421875 0.4984375 0.03125 0.0515625