31 0.86484375 0.37890625 0.0375 0.059375
57 0.4875 0.41328125 0.1359375 0.040625
52 0.92109375 0.46328125 0.05 0.0265625
19 0.1609375 0.3125 0.0359375 0.0578125
58 0.2171875 0.39609375 0.0515625 0.0296875
58 0.5421875 0.7984375 0.06875 0.0359375
55 0.765625 0.35703125 0.0296875 0.028125
58 0.81640625 0.6609375 0.059375 0.0296875
53 0.50859375 0.56328125 0.0515625 0.0265625
58 0.08828125 0.5796875 0.0609375 0.03125
58 0.47421875 0.31875 0.0515625 0.0296875
58 0.2421875 0.74140625 0.053125 0.028125
58 0.75703125 0.31875 0.0578125 0.0296875
18 0.20703125 0.303125 0.03125 0.053125
29 0.909375 0.37265625 0.0328125 0.05625
29 0.909375 0.37265625 0.0328125 0.05625