2 0.65078125 0.46640625 0.0296875 0.05625
57 0.503125 0.4125 0.134375 0.0203125
33 0.19609375 0.26171875 0.0265625 0.053125
58 0.49453125 0.803125 0.065625 0.028125
36 0.31328125 0.4609375 0.0296875 0.0578125
58 0.23671875 0.3515625 0.0484375 0.025
55 0.29296875 0.63515625 0.0265625 0.025
58 0.08125 0.51484375 0.05625 0.0234375
58 0.5046875 0.31875 0.05 0.0234375
58 0.91953125 0.52890625 0.0609375 0.021875
58 0.78046875 0.3625 0.05625 0.0234375
58 0.78671875 0.709375 0.059375 0.0234375
58 0.20703125 0.7 0.0515625 0.0234375
37 0.56484375 0.46484375 0.0265625 0.05625
29 0.39609375 0.4625 0.0265625 0.0578125
8 0.0859375 0.42421875 0.0296875 0.053125
48 0.040625 0.425 0.0296875 0.053125
24 0.24296875 0.2609375 0.028125 0.05625
44 0.040625 0.425 0.0296875 0.0515625
27 0.48046875 0.4640625 0.028125 0.0578125