54 0.803125 0.284375 0.0796875 0.0796875
54 0.8125 0.634375 0.0796875 0.078125
54 0.7578125 0.634375 0.0671875 0.0734375
55 0.7828125 0.3953125 0.028125 0.0265625
54 0.8890625 0.4515625 0.06875 0.0734375
54 0.94375 0.453125 0.078125 0.078125
54 0.746875 0.2859375 0.06875 0.075
58 0.5015625 0.8046875 0.040625 0.025
58 0.7796875 0.35625 0.0359375 0.021875
58 0.921875 0.5234375 0.0359375 0.021875
57 0.5015625 0.415625 0.1171875 0.021875
53 0.6578125 0.4078125 0.021875 0.01875
53 0.5 0.565625 0.021875 0.0171875
58 0.790625 0.70625 0.034375 0.01875
53 0.6875 0.5953125 0.021875 0.021875
53 0.81875 0.5015625 0.021875 0.021875