14 0.68984375 0.48203125 0.0359375 0.059375
45 0.52109375 0.4703125 0.03125 0.059375
19 0.4375 0.46328125 0.0359375 0.0625
4 0.60703125 0.478125 0.0328125 0.0609375
44 0.35390625 0.45234375 0.0328125 0.059375
57 0.50546875 0.4171875 0.1140625 0.03125
58 0.515625 0.32109375 0.0390625 0.0234375
58 0.76953125 0.73203125 0.05 0.0296875
58 0.4734375 0.80546875 0.0421875 0.028125
58 0.1890625 0.68125 0.040625 0.021875
58 0.23359375 0.33515625 0.040625 0.0234375
58 0.07734375 0.48984375 0.0515625 0.028125
55 0.69140625 0.6609375 0.03125 0.03125
53 0.27734375 0.6109375 0.034375 0.0234375