57 0.5046875 0.415625 0.1234375 0.021875
55 0.43125 0.64296875 0.028125 0.028125
18 0.48125 0.46484375 0.028125 0.0578125
27 0.3125 0.4578125 0.028125 0.0578125
53 0.49765625 0.5671875 0.0421875 0.0203125
19 0.396875 0.46171875 0.028125 0.0609375
52 0.4890625 0.8046875 0.053125 0.028125
58 0.92109375 0.53984375 0.0484375 0.021875
49 0.56484375 0.46796875 0.0296875 0.059375
6 0.92734375 0.44453125 0.03125 0.0578125
33 0.44765625 0.7046875 0.03125 0.0625
58 0.07890625 0.51015625 0.0515625 0.025
14 0.49765625 0.7015625 0.0296875 0.0625
25 0.64921875 0.47109375 0.028125 0.059375
9 0.88046875 0.44609375 0.0296875 0.05625
25 0.88046875 0.44609375 0.0296875 0.05625
5 0.88046875 0.44609375 0.0296875 0.05625