12 0.48203125 0.4640625 0.028125 0.059375
26 0.0859375 0.42109375 0.028125 0.05625
47 0.0390625 0.425 0.0296875 0.05625
57 0.503125 0.4125 0.1359375 0.0203125
53 0.40625 0.5890625 0.0421875 0.0203125
55 0.16484375 0.53671875 0.0265625 0.0265625
52 0.49609375 0.8015625 0.053125 0.0265625
52 0.08125 0.51328125 0.0453125 0.0203125
18 0.9265625 0.4359375 0.0296875 0.0546875
58 0.92109375 0.53203125 0.05625 0.0234375
53 0.49921875 0.5640625 0.0421875 0.0203125
27 0.56484375 0.46484375 0.028125 0.0578125
49 0.65078125 0.46640625 0.028125 0.059375
35 0.39609375 0.4625 0.0328125 0.05625
17 0.87890625 0.4390625 0.03125 0.0546875
11 0.39609375 0.4640625 0.0328125 0.0578125
46 0.44921875 0.70390625 0.03125 0.0578125
55 0.37109375 0.56328125 0.021875 0.0203125
35 0.39609375 0.4625 0.03125 0.05625
55 0.39453125 0.5640625 0.021875 0.025
10 0.50078125 0.703125 0.028125 0.059375
7 0.31015625 0.4625 0.0265625 0.05625