3 0.478125 0.46328125 0.03125 0.0578125
54 0.140625 0.621875 0.0796875 0.078125
54 0.084375 0.625 0.06875 0.0765625
53 0.5046875 0.5625 0.0453125 0.021875
42 0.39375 0.46796875 0.0296875 0.059375
57 0.496875 0.4125 0.13125 0.025
58 0.490625 0.3171875 0.053125 0.0265625
58 0.1203125 0.69375 0.0484375 0.0234375
58 0.89921875 0.65625 0.053125 0.0265625
58 0.515625 0.80078125 0.059375 0.0296875
55 0.21953125 0.40234375 0.028125 0.028125
58 0.13671875 0.4046875 0.0515625 0.025
25 0.309375 0.47265625 0.0265625 0.0578125