55 0.63515625 0.3546875 0.0296875 0.0265625
54 0.2296875 0.625 0.0828125 0.08125
58 0.4890625 0.803125 0.0609375 0.028125
54 0.2265625 0.28125 0.08125 0.084375
54 0.1703125 0.27890625 0.071875 0.078125
58 0.20390625 0.69453125 0.053125 0.0265625
54 0.1734375 0.621875 0.06875 0.0734375
57 0.5046875 0.4125 0.125 0.025
58 0.196875 0.35 0.053125 0.0265625
58 0.07890625 0.50703125 0.0515625 0.0234375
58 0.409375 0.3140625 0.0515625 0.0234375
58 0.92109375 0.53828125 0.0546875 0.0234375
53 0.49765625 0.5640625 0.04375 0.0234375
58 0.78359375 0.71328125 0.05 0.0234375
58 0.6046875 0.31953125 0.0515625 0.0234375
58 0.8125 0.3703125 0.028125 0.025
44 0.3125 0.459375 0.028125 0.05625
0 0.48125 0.46328125 0.028125 0.0609375
38 0.565625 0.46640625 0.028125 0.0578125
24 0.396875 0.46171875 0.0296875 0.0609375