57 0.5046875 0.4140625 0.13125 0.0265625
54 0.1796875 0.61484375 0.08125 0.0796875
54 0.234375 0.6171875 0.0671875 0.071875
53 0.3078125 0.58515625 0.046875 0.0234375
54 0.953125 0.4765625 0.0703125 0.078125
56 0.18984375 0.7921875 0.3796875 0.096875
54 0.89765625 0.47265625 0.0828125 0.0828125
58 0.4859375 0.8015625 0.05625 0.03125
58 0.9171875 0.5453125 0.0515625 0.025
58 0.20078125 0.6875 0.046875 0.0234375
58 0.07890625 0.5 0.046875 0.021875
55 0.83671875 0.54921875 0.028125 0.0265625
53 0.18203125 0.48359375 0.0328125 0.021875
30 0.48515625 0.69921875 0.03125 0.0609375
53 0.496875 0.5640625 0.034375 0.0203125
41 0.5359375 0.70546875 0.0328125 0.0609375
26 0.48515625 0.69921875 0.0296875 0.0609375