41 0.453125 0.703125 0.028125 0.059375
54 0.1796875 0.6328125 0.065625 0.0734375
57 0.5015625 0.4125 0.128125 0.0203125
54 0.2328125 0.6328125 0.0796875 0.0765625
54 0.8015625 0.284375 0.0765625 0.078125
54 0.203125 0.284375 0.065625 0.0734375
54 0.94375 0.45 0.0796875 0.078125
54 0.103125 0.45 0.0765625 0.0765625
54 0.05 0.4515625 0.0671875 0.075
54 0.2578125 0.2859375 0.0796875 0.0796875
54 0.746875 0.284375 0.0671875 0.0734375
54 0.8890625 0.4515625 0.065625 0.0765625
53 0.503125 0.625 0.0296875 0.01875
58 0.5015625 0.8015625 0.0640625 0.028125
53 0.5 0.5640625 0.0296875 0.01875
58 0.234375 0.35625 0.0578125 0.0234375
58 0.921875 0.5203125 0.05625 0.021875
58 0.08125 0.5203125 0.05625 0.021875
53 0.6578125 0.4078125 0.0265625 0.0171875
58 0.790625 0.703125 0.059375 0.021875
55 0.2171875 0.39375 0.028125 0.0265625
58 0.5015625 0.315625 0.0578125 0.021875
58 0.2109375 0.703125 0.05 0.021875
58 0.778125 0.35625 0.05625 0.021875
53 0.81875 0.5 0.028125 0.0171875
29 0.5046875 0.7015625 0.0265625 0.059375