54 0.87890625 0.54140625 0.090625 0.090625
54 0.934375 0.534375 0.078125 0.0875
58 0.91640625 0.6109375 0.053125 0.0296875
55 0.51640625 0.34765625 0.03125 0.0296875
54 0.16484375 0.6671875 0.0765625 0.0828125
54 0.1109375 0.678125 0.0921875 0.0921875
58 0.55390625 0.7984375 0.0578125 0.0359375
54 0.79921875 0.26171875 0.090625 0.090625
58 0.12578125 0.4546875 0.053125 0.0296875
58 0.146875 0.74609375 0.053125 0.028125
54 0.853125 0.25234375 0.08125 0.0890625
57 0.48359375 0.4171875 0.128125 0.040625
11 0.5140625 0.4609375 0.0359375 0.0625
58 0.83359375 0.33046875 0.053125 0.0296875
58 0.46875 0.32421875 0.05625 0.03125
44 0.43125 0.47734375 0.0359375 0.0609375
33 0.596875 0.44765625 0.034375 0.0609375
40 0.58046875 0.69375 0.0375 0.065625
9 0.68203125 0.4328125 0.03125 0.0625
30 0.53046875 0.69921875 0.0375 0.0640625
18 0.53046875 0.69765625 0.0375 0.0640625
15 0.34765625 0.4921875 0.0375 0.0640625
53 0.51015625 0.56640625 0.04375 0.028125