57 0.51015625 0.41484375 0.13125 0.03125
54 0.55 0.24765625 0.0859375 0.08125
55 0.42265625 0.63828125 0.0296875 0.0296875
54 0.89375 0.49140625 0.0734375 0.075
58 0.46796875 0.803125 0.0609375 0.0328125
54 0.946875 0.496875 0.0859375 0.084375
53 0.5171875 0.38203125 0.0421875 0.028125
53 0.49140625 0.628125 0.0421875 0.025
54 0.496875 0.24375 0.0734375 0.0765625
53 0.81171875 0.5421875 0.046875 0.0265625
52 0.9171875 0.565625 0.046875 0.0234375
52 0.5203125 0.31796875 0.0484375 0.028125
1 0.48359375 0.69921875 0.0375 0.065625
55 0.51640625 0.59609375 0.0296875 0.0296875
55 0.79140625 0.50546875 0.0296875 0.0328125
1 0.43203125 0.7 0.0375 0.0625