12 0.93046875 0.47265625 0.034375 0.0609375
57 0.5109375 0.41328125 0.1265625 0.03125
52 0.5203125 0.31796875 0.05 0.025
32 0.4 0.453125 0.0359375 0.0609375
58 0.46875 0.8 0.059375 0.0328125
55 0.828125 0.575 0.03125 0.0296875
53 0.49296875 0.5640625 0.04375 0.025
8 0.315625 0.44453125 0.0328125 0.0609375
51 0.56796875 0.46953125 0.034375 0.0609375
35 0.48671875 0.2234375 0.034375 0.0578125
31 0.48359375 0.4625 0.0328125 0.0625
58 0.0796875 0.478125 0.0515625 0.0265625
58 0.91875 0.56640625 0.0578125 0.028125
27 0.88359375 0.47109375 0.0375 0.059375
27 0.88359375 0.47109375 0.0375 0.059375
14 0.53359375 0.22578125 0.0328125 0.059375