54 0.16953125 0.32890625 0.090625 0.090625
54 0.209375 0.6765625 0.0890625 0.0890625
54 0.26328125 0.66875 0.0765625 0.0828125
55 0.20546875 0.4359375 0.03125 0.0296875
54 0.1078125 0.50625 0.078125 0.0828125
54 0.05390625 0.515625 0.0875 0.0875
54 0.22578125 0.32265625 0.078125 0.084375
58 0.540625 0.8015625 0.04375 0.0296875
58 0.203125 0.396875 0.0390625 0.0265625
58 0.08515625 0.58203125 0.0390625 0.0265625
57 0.48671875 0.41640625 0.11875 0.0375
53 0.33125 0.43046875 0.025 0.021875
53 0.509375 0.56484375 0.0234375 0.0203125
58 0.240625 0.74453125 0.0359375 0.0234375
53 0.32734375 0.6203125 0.025 0.025
53 0.184375 0.54609375 0.025 0.025