54 0.50859375 0.24375 0.0734375 0.0796875
54 0.10625 0.484375 0.0734375 0.0796875
55 0.53046875 0.346875 0.028125 0.028125
54 0.05390625 0.490625 0.0859375 0.0875
57 0.4921875 0.4125 0.1171875 0.0265625
54 0.4546875 0.25 0.0875 0.0875
53 0.5078125 0.6265625 0.03125 0.021875
58 0.5265625 0.80234375 0.05625 0.03125
58 0.08359375 0.56015625 0.0515625 0.025
53 0.1875 0.53515625 0.0328125 0.025
58 0.484375 0.31953125 0.053125 0.03125
58 0.92109375 0.48671875 0.0515625 0.028125
18 0.5640625 0.696875 0.034375 0.0609375
16 0.5125 0.7 0.0359375 0.065625