49 0.3953125 0.4671875 0.028125 0.059375
45 0.6484375 0.4671875 0.028125 0.059375
0 0.3109375 0.4671875 0.028125 0.05625
20 0.48125 0.4671875 0.0265625 0.059375
48 0.565625 0.4671875 0.0296875 0.05625
55 0.45625 0.353125 0.028125 0.0265625
54 0.109375 0.3203125 0.06875 0.078125
54 0.165625 0.3203125 0.075 0.0765625
54 0.859375 0.6109375 0.065625 0.078125
54 0.9125 0.615625 0.08125 0.0875
57 0.5015625 0.415625 0.1046875 0.0203125
53 0.5015625 0.5671875 0.0203125 0.0203125
58 0.5015625 0.80625 0.0421875 0.025
58 0.1109375 0.68125 0.040625 0.021875
58 0.1421875 0.390625 0.0375 0.021875
58 0.5 0.3203125 0.0390625 0.0234375
58 0.859375 0.390625 0.034375 0.0203125
58 0.8921875 0.6828125 0.0375 0.021875