57 0.5125 0.41328125 0.128125 0.0328125
31 0.92890625 0.47265625 0.0328125 0.0578125
55 0.64453125 0.3640625 0.0296875 0.028125
58 0.19140625 0.671875 0.0359375 0.025
32 0.73515625 0.640625 0.0359375 0.0578125
52 0.76953125 0.734375 0.046875 0.021875
28 0.315625 0.44453125 0.034375 0.0609375
42 0.5671875 0.47109375 0.0328125 0.0578125
58 0.21171875 0.3296875 0.046875 0.0265625
58 0.0796875 0.4765625 0.046875 0.0265625
58 0.42265625 0.3078125 0.0484375 0.0265625
58 0.9171875 0.5640625 0.0484375 0.0265625
58 0.61875 0.32734375 0.0359375 0.025
44 0.8828125 0.47265625 0.034375 0.0578125
58 0.46796875 0.8015625 0.0546875 0.03125
33 0.48359375 0.4625 0.03125 0.059375
26 0.6515625 0.4796875 0.0328125 0.0578125
12 0.78046875 0.64296875 0.0328125 0.059375
4 0.78046875 0.64296875 0.0328125 0.059375
29 0.3984375 0.453125 0.0296875 0.059375