54 0.134375 0.60625 0.078125 0.078125
54 0.078125 0.609375 0.065625 0.0765625
58 0.109375 0.68125 0.05 0.021875
55 0.4578125 0.353125 0.0265625 0.025
54 0.859375 0.60625 0.0640625 0.0734375
54 0.9140625 0.6078125 0.0796875 0.0796875
58 0.4984375 0.803125 0.0546875 0.0265625
54 0.1640625 0.3171875 0.078125 0.078125
58 0.8609375 0.390625 0.05 0.021875
58 0.890625 0.68125 0.05 0.0203125
54 0.109375 0.3171875 0.06875 0.078125
57 0.5015625 0.415625 0.1265625 0.01875
11 0.4796875 0.4640625 0.0265625 0.059375
58 0.1421875 0.390625 0.05 0.021875
58 0.5 0.321875 0.053125 0.021875
44 0.5640625 0.465625 0.0265625 0.0578125
33 0.3953125 0.465625 0.025 0.0578125
40 0.4546875 0.7046875 0.028125 0.0609375
9 0.309375 0.465625 0.021875 0.059375
30 0.5046875 0.7015625 0.028125 0.059375
18 0.5046875 0.7 0.028125 0.059375
15 0.6484375 0.465625 0.028125 0.059375
53 0.5015625 0.5671875 0.040625 0.021875