12 0.925 0.428125 0.028125 0.059375
39 0.5640625 0.4640625 0.028125 0.0578125
30 0.3953125 0.4640625 0.028125 0.059375
57 0.5 0.4125 0.1359375 0.01875
52 0.5015625 0.3171875 0.05 0.021875
52 0.5015625 0.803125 0.0546875 0.0265625
55 0.8328125 0.5421875 0.0296875 0.0265625
52 0.921875 0.521875 0.0453125 0.0171875
6 0.4796875 0.4640625 0.028125 0.0578125
35 0.65 0.4640625 0.028125 0.05625
53 0.4078125 0.590625 0.0453125 0.0203125
4 0.5046875 0.7015625 0.03125 0.0640625
51 0.878125 0.4328125 0.03125 0.0578125
53 0.496875 0.5640625 0.0484375 0.01875
58 0.0796875 0.5234375 0.05 0.021875
35 0.6484375 0.4640625 0.0296875 0.0578125
37 0.0375 0.4328125 0.0265625 0.0546875
21 0.3109375 0.4640625 0.0265625 0.059375
5 0.453125 0.7046875 0.0296875 0.0625
24 0.084375 0.4296875 0.0296875 0.059375