2 0.6453125 0.4484375 0.034375 0.059375
57 0.4921875 0.4125 0.1359375 0.0328125
33 0.16953125 0.30078125 0.0296875 0.0546875
58 0.53203125 0.8015625 0.06875 0.0328125
36 0.31015625 0.48359375 0.034375 0.0609375
58 0.22109375 0.38515625 0.05 0.028125
55 0.3109375 0.659375 0.0296875 0.028125
58 0.0859375 0.565625 0.0578125 0.028125
58 0.4828125 0.31953125 0.0515625 0.0265625
58 0.9203125 0.478125 0.0625 0.0265625
58 0.76171875 0.3296875 0.0578125 0.028125
58 0.81015625 0.6734375 0.0609375 0.028125
58 0.23359375 0.73359375 0.053125 0.0265625
37 0.56015625 0.4578125 0.03125 0.0578125
29 0.3921875 0.475 0.03125 0.059375
8 0.0796875 0.475 0.0328125 0.05625
48 0.034375 0.48125 0.0328125 0.05625
24 0.215625 0.29453125 0.0328125 0.059375
44 0.034375 0.48125 0.0328125 0.0546875
27 0.47578125 0.46640625 0.0328125 0.0609375