55 0.16796875 0.559375 0.0296875 0.028125
58 0.0828125 0.54375 0.0375 0.021875
52 0.5171875 0.80390625 0.0515625 0.025
58 0.4921875 0.321875 0.0359375 0.0234375
57 0.496875 0.4140625 0.1140625 0.0234375
13 0.0796875 0.45 0.0296875 0.059375
53 0.503125 0.565625 0.0328125 0.01875
17 0.478125 0.46484375 0.028125 0.0578125
49 0.51484375 0.70078125 0.03125 0.065625
11 0.309375 0.47421875 0.03125 0.0578125
51 0.4640625 0.70546875 0.0375 0.065625
32 0.034375 0.45859375 0.034375 0.0578125
30 0.39375 0.47109375 0.03125 0.0578125
35 0.309375 0.47734375 0.03125 0.059375