57 0.490625 0.41328125 0.1296875 0.034375
54 0.9359375 0.40390625 0.0859375 0.0859375
54 0.88203125 0.409375 0.075 0.0796875
54 0.0453125 0.49609375 0.0734375 0.075
54 0.1015625 0.48828125 0.084375 0.08125
53 0.50703125 0.5640625 0.025 0.021875
52 0.0859375 0.5671875 0.046875 0.0234375
58 0.76171875 0.3296875 0.0359375 0.025
58 0.234375 0.73671875 0.0484375 0.025
58 0.53359375 0.803125 0.0421875 0.0296875
53 0.3234375 0.6125 0.025 0.021875
58 0.8109375 0.6765625 0.0359375 0.0234375
58 0.48125 0.31953125 0.0375 0.025
53 0.1828125 0.53359375 0.0328125 0.0234375
53 0.8171875 0.46640625 0.0328125 0.0203125
58 0.9203125 0.48125 0.0328125 0.025