31 0.8703125 0.3984375 0.034375 0.059375
22 0.39296875 0.4734375 0.03125 0.0578125
57 0.49375 0.4125 0.1328125 0.028125
19 0.171875 0.2953125 0.0328125 0.05625
51 0.30859375 0.47890625 0.034375 0.0609375
52 0.921875 0.48515625 0.05 0.025
58 0.5265625 0.80234375 0.0671875 0.0328125
58 0.22265625 0.38125 0.05 0.0265625
55 0.77265625 0.37109375 0.0265625 0.0265625
58 0.084375 0.55859375 0.059375 0.0265625
58 0.2296875 0.73046875 0.0515625 0.0265625
58 0.484375 0.31953125 0.05 0.0296875
58 0.80546875 0.67890625 0.059375 0.0265625
58 0.76640625 0.33203125 0.05625 0.0265625
18 0.21953125 0.2875 0.03125 0.0515625
53 0.50546875 0.565625 0.0515625 0.025
49 0.915625 0.39453125 0.0296875 0.0546875
1 0.4765625 0.465625 0.0296875 0.0609375
29 0.915625 0.39453125 0.0296875 0.0546875