31 0.53984375 0.70625 0.0328125 0.0640625
57 0.503125 0.4140625 0.1140625 0.025
58 0.4890625 0.803125 0.05625 0.028125
58 0.78046875 0.71484375 0.059375 0.0234375
53 0.49765625 0.5640625 0.03125 0.0203125
58 0.76875 0.365625 0.0546875 0.0234375
55 0.16015625 0.51953125 0.03125 0.0296875
58 0.91953125 0.53671875 0.05 0.0234375
58 0.20390625 0.69453125 0.0578125 0.0234375
58 0.50625 0.31875 0.05625 0.0234375
58 0.22578125 0.3484375 0.0546875 0.0234375
58 0.07890625 0.50703125 0.0484375 0.0234375
4 0.48828125 0.7015625 0.0296875 0.0625