20 0.07734375 0.471875 0.034375 0.059375
0 0.6453125 0.45 0.034375 0.0625
42 0.47578125 0.46640625 0.0328125 0.059375
57 0.4921875 0.4125 0.1359375 0.0328125
55 0.83515625 0.50703125 0.0328125 0.0296875
43 0.56015625 0.4578125 0.034375 0.059375
52 0.4828125 0.31796875 0.0484375 0.0265625
52 0.0859375 0.5640625 0.046875 0.0234375
58 0.921875 0.47890625 0.059375 0.028125
17 0.30859375 0.484375 0.034375 0.059375
49 0.86875 0.3921875 0.0359375 0.0578125
53 0.50546875 0.5640625 0.046875 0.0234375
52 0.5328125 0.8 0.053125 0.028125
41 0.3921875 0.475 0.0328125 0.0609375
48 0.47578125 0.70390625 0.0375 0.053125
28 0.0328125 0.48125 0.034375 0.0578125
24 0.525 0.69375 0.0375 0.0578125
5 0.91328125 0.384375 0.0328125 0.0609375
48 0.47578125 0.70390625 0.0375 0.053125
24 0.525 0.6953125 0.0375 0.0578125
5 0.91328125 0.384375 0.0328125 0.0609375