0 0.5 0.7 0.0328125 0.0640625
30 0.12109375 0.4375 0.03125 0.0546875
57 0.496875 0.4125 0.1234375 0.01875
53 0.49921875 0.5640625 0.040625 0.01875
12 0.54921875 0.70390625 0.0328125 0.0625
52 0.50390625 0.8015625 0.0515625 0.028125
55 0.16640625 0.54609375 0.028125 0.0265625
44 0.68828125 0.4609375 0.028125 0.059375
58 0.07890625 0.53046875 0.0484375 0.021875
43 0.51953125 0.4625 0.0296875 0.05625
58 0.496875 0.31875 0.05 0.021875
58 0.9203125 0.51640625 0.0515625 0.025
23 0.43515625 0.46484375 0.028125 0.05625
21 0.0734375 0.4359375 0.028125 0.05625
25 0.60390625 0.4609375 0.0265625 0.05625