6 0.92734375 0.44453125 0.0296875 0.0578125
57 0.5046875 0.4140625 0.125 0.0234375
20 0.65078125 0.47265625 0.0296875 0.0578125
34 0.44609375 0.7046875 0.0328125 0.0625
55 0.1640625 0.53203125 0.0296875 0.028125
52 0.92109375 0.53828125 0.0484375 0.021875
52 0.5078125 0.3171875 0.0484375 0.021875
58 0.4890625 0.8046875 0.0578125 0.028125
58 0.07890625 0.51015625 0.053125 0.025
43 0.48046875 0.46640625 0.028125 0.0578125
18 0.56484375 0.46796875 0.028125 0.05625
53 0.49921875 0.565625 0.040625 0.0203125
7 0.396875 0.46328125 0.028125 0.059375
1 0.3125 0.459375 0.028125 0.0578125
14 0.49765625 0.7015625 0.0296875 0.0625
9 0.88046875 0.44765625 0.028125 0.05625