30 0.51953125 0.4640625 0.028125 0.0578125
57 0.4984375 0.4125 0.1265625 0.021875
21 0.68828125 0.4609375 0.025 0.0546875
55 0.2234375 0.3953125 0.0265625 0.0265625
19 0.60390625 0.4625 0.028125 0.0578125
20 0.43515625 0.46640625 0.028125 0.0578125
58 0.1109375 0.68359375 0.05 0.0234375
53 0.50078125 0.5640625 0.04375 0.021875
58 0.496875 0.3171875 0.0546875 0.025
58 0.85546875 0.3828125 0.05 0.0234375
58 0.8921875 0.67109375 0.05 0.0234375
58 0.50546875 0.8015625 0.0546875 0.0296875
58 0.1390625 0.39375 0.05 0.0234375
34 0.55078125 0.70390625 0.03125 0.0578125
39 0.49921875 0.703125 0.03125 0.0609375