20 0.46640625 0.22734375 0.0375 0.059375
57 0.48984375 0.41484375 0.1265625 0.0359375
55 0.45703125 0.653125 0.03125 0.03125
42 0.475 0.4671875 0.034375 0.059375
52 0.4765625 0.3203125 0.05 0.0265625
52 0.54375 0.8 0.0578125 0.0328125
53 0.50859375 0.56328125 0.0453125 0.028125
58 0.92109375 0.46484375 0.0625 0.0296875
37 0.55859375 0.45546875 0.034375 0.0609375
58 0.08671875 0.58203125 0.0546875 0.0296875
24 0.421875 0.23671875 0.0375 0.0609375
0 0.909375 0.37109375 0.0375 0.0625
51 0.64375 0.44375 0.034375 0.059375
51 0.64375 0.44375 0.0359375 0.059375
7 0.5328125 0.69765625 0.0375 0.0640625
23 0.48203125 0.709375 0.0390625 0.0640625
26 0.3078125 0.490625 0.0375 0.0609375
24 0.4203125 0.23828125 0.0375 0.059375
1 0.38984375 0.48046875 0.03125 0.05625
11 0.865625 0.38203125 0.0328125 0.0546875