58 0.50546875 0.803125 0.053125 0.0265625
58 0.596875 0.3140625 0.034375 0.0203125
55 0.62890625 0.35234375 0.0265625 0.0265625
42 0.56328125 0.46328125 0.028125 0.05625
58 0.921875 0.51484375 0.0453125 0.0234375
58 0.21484375 0.7078125 0.034375 0.0203125
58 0.07890625 0.52890625 0.046875 0.0234375
57 0.5 0.4125 0.125 0.01875
58 0.19296875 0.36484375 0.04375 0.021875
44 0.8765625 0.4265625 0.0296875 0.05625
53 0.50078125 0.5640625 0.0421875 0.01875
52 0.79453125 0.69921875 0.0453125 0.021875
32 0.75078125 0.6109375 0.0296875 0.05625
33 0.47890625 0.4640625 0.028125 0.0578125
28 0.31015625 0.4671875 0.0296875 0.059375
4 0.7953125 0.60546875 0.028125 0.0578125
31 0.9234375 0.42109375 0.0296875 0.05625
29 0.39453125 0.465625 0.0265625 0.0578125
4 0.7953125 0.60546875 0.028125 0.0578125
58 0.4 0.321875 0.046875 0.0234375