0 0.47109375 0.69765625 0.0390625 0.065625
4 0.60859375 0.47734375 0.034375 0.0625
48 0.690625 0.4875 0.034375 0.0609375
57 0.509375 0.41328125 0.128125 0.0328125
54 0.8515625 0.65 0.0875 0.0875
54 0.90625 0.65546875 0.071875 0.08125
3 0.5203125 0.70703125 0.0390625 0.0640625
58 0.8703125 0.43046875 0.046875 0.0265625
58 0.46328125 0.79765625 0.0578125 0.0328125
53 0.4921875 0.56328125 0.0453125 0.0265625
58 0.52109375 0.3171875 0.053125 0.028125
58 0.865625 0.72421875 0.05 0.028125
55 0.21015625 0.5890625 0.0328125 0.0296875
58 0.090625 0.62890625 0.0546875 0.0296875
58 0.15703125 0.34296875 0.0515625 0.028125
7 0.525 0.465625 0.03125 0.0609375