3 0.3109375 0.4640625 0.0265625 0.05625
54 0.1109375 0.3171875 0.0703125 0.0765625
54 0.1640625 0.3171875 0.078125 0.078125
8 0.5640625 0.4640625 0.0265625 0.0578125
57 0.5 0.4140625 0.128125 0.01875
14 0.3953125 0.4640625 0.0265625 0.05625
15 0.4796875 0.4640625 0.0265625 0.0578125
58 0.5015625 0.803125 0.0546875 0.0265625
58 0.140625 0.3890625 0.05 0.0265625
53 0.5 0.5640625 0.04375 0.0203125
58 0.5015625 0.315625 0.0265625 0.021875
58 0.890625 0.6765625 0.0515625 0.021875
58 0.859375 0.3859375 0.05 0.021875
58 0.1109375 0.678125 0.05 0.021875
55 0.2234375 0.625 0.0265625 0.0265625
30 0.5046875 0.7 0.028125 0.0609375
5 0.453125 0.703125 0.0265625 0.059375
6 0.5046875 0.7 0.0265625 0.0609375