57 0.50625 0.4140625 0.13125 0.028125
54 0.49921875 0.24296875 0.084375 0.0796875
55 0.54921875 0.65 0.028125 0.028125
54 0.11484375 0.41640625 0.0734375 0.075
58 0.4734375 0.80390625 0.059375 0.03125
54 0.0625 0.41171875 0.084375 0.0828125
53 0.50546875 0.38125 0.0421875 0.0265625
53 0.484375 0.62734375 0.0421875 0.0234375
54 0.5515625 0.24921875 0.0734375 0.0765625
53 0.1859375 0.48203125 0.046875 0.025
52 0.078125 0.48515625 0.046875 0.021875
52 0.5140625 0.31796875 0.0484375 0.028125
1 0.478125 0.69921875 0.0359375 0.065625
55 0.465625 0.59140625 0.028125 0.028125
55 0.2125 0.45 0.0296875 0.03125
1 0.52890625 0.709375 0.0359375 0.0625