37 0.44375 0.70234375 0.03125 0.0625
38 0.4921875 0.703125 0.0328125 0.0640625
53 0.49921875 0.6296875 0.0421875 0.0203125
53 0.5109375 0.38515625 0.028125 0.0203125
53 0.74140625 0.428125 0.0328125 0.01875
55 0.2328125 0.3796875 0.0296875 0.0296875
58 0.146875 0.3734375 0.0734375 0.0296875
58 0.48359375 0.80546875 0.0546875 0.0296875
58 0.88203125 0.7015625 0.0640625 0.0265625
58 0.86484375 0.4109375 0.0625 0.0234375
58 0.509375 0.321875 0.059375 0.025
52 0.10234375 0.659375 0.05 0.0234375
57 0.5046875 0.4140625 0.13125 0.0296875
54 0.48359375 0.2484375 0.0765625 0.075
54 0.53828125 0.2515625 0.084375 0.0828125
54 0.17734375 0.3046875 0.084375 0.0859375
54 0.11640625 0.3015625 0.06875 0.078125
54 0.83984375 0.33984375 0.075 0.078125
54 0.89296875 0.3421875 0.0859375 0.0875