54 0.49140625 0.24375 0.078125 0.0828125
54 0.10625 0.51171875 0.078125 0.0828125
55 0.51953125 0.3453125 0.0296875 0.0296875
54 0.05390625 0.521875 0.0921875 0.0921875
57 0.4859375 0.41328125 0.1171875 0.034375
54 0.4375 0.25390625 0.0921875 0.0921875
53 0.51640625 0.62578125 0.0328125 0.0234375
58 0.54765625 0.79921875 0.0578125 0.034375
58 0.08828125 0.5890625 0.053125 0.028125
53 0.19140625 0.55703125 0.034375 0.0265625
58 0.471875 0.32109375 0.0546875 0.034375
58 0.91875 0.45703125 0.053125 0.03125
18 0.578125 0.69140625 0.0390625 0.0625
16 0.5265625 0.6984375 0.040625 0.0671875