30 0.56484375 0.46640625 0.028125 0.0546875
32 0.0390625 0.425 0.03125 0.0578125
57 0.503125 0.4140625 0.1234375 0.01875
58 0.92109375 0.52890625 0.05 0.0234375
58 0.0796875 0.51640625 0.05 0.0234375
4 0.48203125 0.4640625 0.028125 0.059375
53 0.49921875 0.5640625 0.04375 0.0203125
2 0.64921875 0.46640625 0.028125 0.05625
55 0.83984375 0.5375 0.028125 0.0265625
52 0.49609375 0.8015625 0.05 0.028125
58 0.78515625 0.709375 0.046875 0.0234375
44 0.45078125 0.70390625 0.0296875 0.059375
27 0.31171875 0.4609375 0.028125 0.05625
27 0.39609375 0.4625 0.028125 0.05625
31 0.31171875 0.4609375 0.028125 0.0578125
7 0.39453125 0.4625 0.028125 0.05625
16 0.0859375 0.42109375 0.0296875 0.0578125
38 0.5015625 0.7 0.0296875 0.059375