57 0.503125 0.4140625 0.128125 0.0265625
54 0.2359375 0.61875 0.065625 0.0765625
54 0.059375 0.425 0.08125 0.08125
54 0.115625 0.4296875 0.06875 0.078125
54 0.1796875 0.61640625 0.08125 0.08125
55 0.378125 0.34375 0.028125 0.0265625
58 0.778125 0.71796875 0.0359375 0.0234375
58 0.07890625 0.5 0.0484375 0.025
58 0.81171875 0.37734375 0.046875 0.0234375
58 0.91875 0.5421875 0.046875 0.0234375
58 0.19921875 0.6875 0.046875 0.0234375
42 0.43828125 0.459375 0.0296875 0.05625
58 0.60625 0.32265625 0.0484375 0.025
28 0.690625 0.47421875 0.03125 0.059375
58 0.41015625 0.3109375 0.0359375 0.0234375
58 0.484375 0.80078125 0.0546875 0.0296875
33 0.521875 0.46484375 0.0296875 0.059375
53 0.4953125 0.5640625 0.0421875 0.0203125
29 0.60625 0.46953125 0.028125 0.059375