41 0.47890625 0.71171875 0.034375 0.0625
46 0.52734375 0.7 0.0421875 0.065625
32 0.7609375 0.5875 0.0359375 0.059375
47 0.80546875 0.57734375 0.034375 0.0578125
55 0.76796875 0.36328125 0.0296875 0.0328125
52 0.5375 0.80390625 0.0578125 0.03125
57 0.48984375 0.41796875 0.1265625 0.0359375
58 0.0875 0.57734375 0.0546875 0.0296875
58 0.23671875 0.74296875 0.0546875 0.03125
58 0.48125 0.32265625 0.0390625 0.0296875
58 0.759375 0.328125 0.04375 0.03125
58 0.8140625 0.67265625 0.0390625 0.03125
53 0.51171875 0.56796875 0.0484375 0.028125