58 0.759375 0.74453125 0.0515625 0.0265625
58 0.4578125 0.8015625 0.0578125 0.0328125
52 0.52578125 0.31875 0.0515625 0.028125
55 0.79453125 0.4359375 0.03125 0.0296875
58 0.91328125 0.58203125 0.0375 0.0265625
57 0.50859375 0.41484375 0.128125 0.0359375
58 0.07890625 0.46484375 0.0546875 0.028125
58 0.24453125 0.3203125 0.053125 0.028125
58 0.7828125 0.39453125 0.0515625 0.028125
58 0.18203125 0.66328125 0.053125 0.028125
30 0.6921875 0.4921875 0.034375 0.05625
24 0.60859375 0.48203125 0.0328125 0.059375
51 0.525 0.46875 0.034375 0.059375
12 0.44140625 0.45703125 0.0328125 0.059375
27 0.35625 0.446875 0.034375 0.0578125
42 0.9671875 0.49921875 0.034375 0.05625
37 0.92265625 0.48984375 0.0328125 0.0578125
33 0.57890625 0.23984375 0.0328125 0.05625
34 0.53359375 0.22890625 0.0359375 0.05625