55 0.15859375 0.51796875 0.0296875 0.0296875
58 0.490625 0.8046875 0.053125 0.0265625
58 0.91953125 0.53984375 0.0484375 0.021875
58 0.2265625 0.3515625 0.05 0.0234375
52 0.20234375 0.69765625 0.046875 0.021875
58 0.07734375 0.50703125 0.0359375 0.0203125
57 0.5 0.4140625 0.125 0.021875
53 0.49765625 0.5671875 0.04375 0.021875
11 0.07890625 0.41484375 0.0296875 0.05625
39 0.68984375 0.4703125 0.0296875 0.059375
19 0.24921875 0.60546875 0.03125 0.0546875
22 0.12578125 0.41953125 0.028125 0.05625
11 0.07890625 0.41484375 0.03125 0.05625
27 0.521875 0.46640625 0.028125 0.059375
22 0.60546875 0.46953125 0.0265625 0.0625
18 0.20234375 0.60390625 0.0296875 0.0546875