54 0.86015625 0.3453125 0.0890625 0.0890625
57 0.51484375 0.415625 0.128125 0.040625
58 0.45234375 0.79921875 0.0609375 0.0359375
54 0.73359375 0.6734375 0.075 0.084375
58 0.7546875 0.74765625 0.0546875 0.0296875
54 0.80625 0.33671875 0.0796875 0.0859375
58 0.4328125 0.30546875 0.0546875 0.0296875
58 0.08125 0.45546875 0.0546875 0.0296875
58 0.82578125 0.4109375 0.05625 0.0328125
58 0.91171875 0.5859375 0.05625 0.03125
58 0.21796875 0.31484375 0.0546875 0.0328125
58 0.62578125 0.33515625 0.0546875 0.0296875
58 0.1828125 0.65546875 0.0265625 0.0265625
54 0.7890625 0.68203125 0.0921875 0.0921875
55 0.83046875 0.590625 0.0359375 0.0328125
53 0.49140625 0.56484375 0.0484375 0.0265625
30 0.48515625 0.4625 0.0328125 0.0578125
15 0.40078125 0.44921875 0.034375 0.0578125
19 0.31875 0.43828125 0.0375 0.0609375