8 0.68359375 0.45078125 0.034375 0.0625
48 0.34765625 0.48203125 0.0328125 0.05625
32 0.2625 0.63828125 0.040625 0.059375
35 0.603125 0.4578125 0.0328125 0.0546875
39 0.5171875 0.465625 0.03125 0.05625
47 0.2171875 0.6390625 0.034375 0.05625
6 0.4328125 0.47109375 0.034375 0.0625
46 0.51328125 0.703125 0.0359375 0.0625
41 0.56484375 0.7015625 0.03125 0.0609375
58 0.91953125 0.48984375 0.053125 0.0265625
58 0.4828125 0.32109375 0.040625 0.0234375
58 0.209375 0.384375 0.0421875 0.0234375
58 0.22734375 0.7328125 0.0375 0.0234375
58 0.8078125 0.68359375 0.0609375 0.0265625
52 0.5265625 0.80546875 0.0515625 0.028125
53 0.5046875 0.56875 0.046875 0.021875
57 0.49140625 0.41640625 0.1296875 0.0328125
55 0.20625 0.421875 0.034375 0.0328125