57 0.50625 0.4109375 0.1171875 0.028125
54 0.8765625 0.35234375 0.0703125 0.0703125
56 0.1859375 0.78125 0.371875 0.1125
55 0.81484375 0.46796875 0.03125 0.03125
41 0.69296875 0.48359375 0.0296875 0.059375
54 0.821875 0.35078125 0.0828125 0.08125
2 0.4390625 0.45859375 0.03125 0.0578125
58 0.17890625 0.36875 0.0359375 0.025
39 0.5234375 0.4640625 0.0328125 0.059375
58 0.4734375 0.80078125 0.040625 0.0296875
58 0.8359375 0.42421875 0.0328125 0.025
9 0.60703125 0.4765625 0.028125 0.0578125
6 0.35546875 0.4515625 0.034375 0.059375
53 0.49453125 0.5625 0.03125 0.0234375
29 0.4796875 0.69921875 0.03125 0.0625
34 0.52890625 0.7078125 0.034375 0.0578125