52 0.92265625 0.5015625 0.0484375 0.0234375
55 0.4484375 0.35390625 0.028125 0.0265625
57 0.496875 0.4140625 0.1125 0.0234375
58 0.515625 0.80390625 0.028125 0.0234375
58 0.490625 0.31875 0.0375 0.0234375
58 0.08125 0.5453125 0.0359375 0.0234375
35 0.309375 0.47734375 0.03125 0.0578125
1 0.39375 0.46953125 0.0265625 0.0578125
24 0.478125 0.46796875 0.0296875 0.0578125
0 0.5640625 0.4640625 0.03125 0.0578125
22 0.646875 0.459375 0.0296875 0.059375
38 0.87421875 0.41484375 0.0296875 0.05625
13 0.92109375 0.409375 0.0265625 0.0578125
53 0.50390625 0.5671875 0.03125 0.021875