12 0.440625 0.4578125 0.034375 0.0625
9 0.52421875 0.46796875 0.03125 0.0609375
54 0.171875 0.5953125 0.0890625 0.0875
54 0.065625 0.39765625 0.0890625 0.0875
54 0.22734375 0.60234375 0.0734375 0.0828125
54 0.11953125 0.4046875 0.075 0.0828125
57 0.50859375 0.41484375 0.1265625 0.034375
58 0.46171875 0.80078125 0.0640625 0.0359375
58 0.18828125 0.66796875 0.059375 0.028125
58 0.08046875 0.4703125 0.0609375 0.0296875
55 0.1578125 0.48984375 0.034375 0.03125
58 0.91328125 0.57265625 0.0609375 0.0296875
58 0.78125 0.39140625 0.0515625 0.0296875
58 0.76171875 0.73828125 0.053125 0.0296875
58 0.23984375 0.3234375 0.0578125 0.028125
58 0.5203125 0.31953125 0.053125 0.0296875
19 0.60859375 0.47734375 0.0328125 0.0609375
25 0.6921875 0.4875 0.03125 0.0609375
25 0.69375 0.4875 0.03125 0.0609375
15 0.60859375 0.47734375 0.0328125 0.0609375
53 0.4921875 0.56328125 0.0453125 0.025