57 0.48515625 0.4140625 0.1296875 0.0390625
52 0.54609375 0.8 0.05625 0.034375
54 0.93671875 0.38046875 0.0796875 0.0828125
55 0.584375 0.63203125 0.034375 0.0328125
54 0.05390625 0.521875 0.0921875 0.0921875
52 0.46953125 0.31953125 0.0515625 0.028125
54 0.884375 0.38984375 0.0890625 0.0875
54 0.10703125 0.51484375 0.078125 0.0859375
53 0.19140625 0.55703125 0.034375 0.025
53 0.51640625 0.62578125 0.0453125 0.0265625
58 0.08828125 0.5890625 0.0625 0.0296875
34 0.578125 0.69296875 0.040625 0.0640625
53 0.81171875 0.45859375 0.034375 0.0265625
58 0.9171875 0.45625 0.053125 0.03125
13 0.5265625 0.6984375 0.040625 0.0671875