21 0.69296875 0.4921875 0.0328125 0.059375
58 0.4515625 0.79609375 0.059375 0.034375
57 0.5125 0.41328125 0.1296875 0.0390625
58 0.87265625 0.4453125 0.053125 0.028125
58 0.08671875 0.61328125 0.0546875 0.03125
58 0.52734375 0.31953125 0.0296875 0.025
58 0.8578125 0.73671875 0.0515625 0.03125
55 0.7890625 0.43359375 0.03125 0.03125
58 0.16328125 0.33125 0.05625 0.03125
9 0.17421875 0.23984375 0.03125 0.059375
53 0.490625 0.56015625 0.046875 0.0265625
8 0.609375 0.4796875 0.0375 0.0609375
19 0.359375 0.43984375 0.0359375 0.0609375
33 0.21875 0.25 0.0328125 0.05625
41 0.44296875 0.453125 0.0328125 0.059375
7 0.359375 0.43984375 0.034375 0.059375
28 0.51328125 0.70625 0.040625 0.0640625
7 0.359375 0.43984375 0.034375 0.059375
51 0.52578125 0.46796875 0.0390625 0.0640625
27 0.465625 0.6984375 0.040625 0.0640625