57 0.5015625 0.4125 0.1265625 0.01875
39 0.3109375 0.4640625 0.028125 0.0578125
22 0.0828125 0.428125 0.028125 0.0546875
55 0.834375 0.5421875 0.028125 0.028125
53 0.5 0.5640625 0.040625 0.021875
52 0.5015625 0.8015625 0.0546875 0.0265625
58 0.921875 0.5234375 0.059375 0.021875
52 0.08125 0.5203125 0.0453125 0.0203125
36 0.4796875 0.4640625 0.028125 0.05625
17 0.3953125 0.4625 0.025 0.0546875
50 0.0359375 0.4296875 0.028125 0.053125
45 0.453125 0.703125 0.0296875 0.059375
5 0.5640625 0.4625 0.0265625 0.0578125
1 0.5046875 0.7 0.028125 0.0625