57 0.4984375 0.4125 0.13125 0.01875
58 0.5 0.803125 0.065625 0.028125
58 0.765625 0.35625 0.059375 0.0234375
34 0.6046875 0.4640625 0.0265625 0.05625
58 0.0796875 0.521875 0.0625 0.0203125
1 0.690625 0.4640625 0.025 0.059375
52 0.7890625 0.7046875 0.046875 0.0203125
58 0.221875 0.3578125 0.046875 0.021875
58 0.91875 0.5234375 0.059375 0.025
58 0.2109375 0.703125 0.059375 0.021875
58 0.5 0.31875 0.0484375 0.0234375
45 0.8328125 0.615625 0.0265625 0.0546875
38 0.8078125 0.265625 0.025 0.0546875
55 0.7828125 0.3953125 0.028125 0.025
48 0.7859375 0.6125 0.028125 0.0546875
53 0.5 0.5640625 0.05 0.0203125
36 0.5203125 0.4640625 0.0265625 0.0578125
55 0.1625 0.659375 0.0296875 0.0203125
44 0.7859375 0.6125 0.0265625 0.0578125
26 0.7625 0.265625 0.025 0.053125