57 0.48828125 0.41484375 0.128125 0.0359375
54 0.40234375 0.25859375 0.078125 0.0828125
54 0.3484375 0.26484375 0.0890625 0.0921875
54 0.109375 0.49921875 0.0765625 0.0796875
54 0.05390625 0.50625 0.0859375 0.0859375
55 0.61015625 0.33515625 0.0296875 0.0296875
58 0.08515625 0.57109375 0.0515625 0.028125
58 0.2359375 0.73515625 0.0515625 0.028125
58 0.3796875 0.33046875 0.0546875 0.0296875
58 0.53671875 0.79921875 0.059375 0.0328125
58 0.17734375 0.39921875 0.028125 0.025
58 0.81171875 0.66484375 0.0265625 0.025
27 0.68359375 0.44140625 0.0328125 0.059375
53 0.5078125 0.56328125 0.0453125 0.025
58 0.57421875 0.30703125 0.053125 0.028125
58 0.78671875 0.325 0.053125 0.03125
58 0.91796875 0.46875 0.028125 0.025
40 0.515625 0.46171875 0.034375 0.0625
31 0.59921875 0.4515625 0.0328125 0.0609375
31 0.59921875 0.4515625 0.0328125 0.0609375