54 0.84765625 0.65625 0.0875 0.0875
54 0.90234375 0.6671875 0.075 0.084375
58 0.86171875 0.73359375 0.053125 0.028125
55 0.5625 0.36015625 0.0296875 0.028125
54 0.1296875 0.55546875 0.0734375 0.08125
54 0.075 0.54921875 0.090625 0.090625
58 0.459375 0.80078125 0.0578125 0.034375
54 0.8578125 0.365625 0.0875 0.0875
58 0.1578125 0.34140625 0.053125 0.028125
58 0.08828125 0.625 0.0515625 0.0265625
54 0.9125 0.3734375 0.0796875 0.0875
57 0.51015625 0.41640625 0.128125 0.0359375
11 0.525 0.4671875 0.034375 0.0625
58 0.86953125 0.44140625 0.053125 0.028125
58 0.525 0.3234375 0.05625 0.0296875
44 0.44140625 0.45703125 0.034375 0.0609375
33 0.60859375 0.48046875 0.0328125 0.0609375
40 0.51640625 0.709375 0.0359375 0.0640625
9 0.69375 0.4921875 0.0296875 0.0625
30 0.4671875 0.69921875 0.0359375 0.0625
18 0.4671875 0.69765625 0.0359375 0.0625
15 0.3578125 0.4453125 0.0359375 0.0625
53 0.4890625 0.56640625 0.04375 0.0265625