54 0.25703125 0.6578125 0.06875 0.0765625
54 0.40703125 0.25546875 0.075 0.078125
54 0.2015625 0.66484375 0.0859375 0.084375
54 0.834375 0.6 0.071875 0.0796875
54 0.60078125 0.23515625 0.071875 0.08125
57 0.4921875 0.4140625 0.134375 0.0359375
54 0.35234375 0.259375 0.084375 0.0828125
54 0.7796875 0.60390625 0.0859375 0.084375
54 0.759375 0.2625 0.0859375 0.0859375
53 0.6 0.371875 0.0421875 0.025
54 0.8140625 0.25625 0.075 0.0796875
54 0.54609375 0.2390625 0.0859375 0.0859375
53 0.43984375 0.38984375 0.0421875 0.0234375
53 0.50703125 0.5640625 0.0421875 0.0265625
58 0.53125 0.8 0.0578125 0.0359375
58 0.79140625 0.3296875 0.053125 0.03125
58 0.23203125 0.73359375 0.0515625 0.028125
58 0.57890625 0.30625 0.0515625 0.0265625
53 0.50859375 0.625 0.0453125 0.0265625
58 0.80859375 0.6734375 0.053125 0.0265625
58 0.3828125 0.328125 0.053125 0.0265625
58 0.084375 0.5671875 0.0515625 0.0265625
58 0.1796875 0.3953125 0.053125 0.0296875
55 0.78984375 0.371875 0.0296875 0.0296875
33 0.56796875 0.6984375 0.0328125 0.0625
58 0.9203125 0.478125 0.0234375 0.0234375
19 0.51640625 0.69921875 0.0359375 0.0625