31 0.5328125 0.7078125 0.0359375 0.0640625
57 0.50625 0.4140625 0.115625 0.028125
58 0.47890625 0.80234375 0.05625 0.0296875
58 0.77265625 0.72421875 0.0609375 0.0265625
53 0.4953125 0.5640625 0.0328125 0.0203125
58 0.7734375 0.375 0.05625 0.025
55 0.159375 0.5078125 0.03125 0.0296875
58 0.91796875 0.55078125 0.0515625 0.025
58 0.19765625 0.684375 0.059375 0.0265625
58 0.5125 0.31953125 0.0578125 0.025
58 0.23125 0.33828125 0.05625 0.025
58 0.07890625 0.4921875 0.05 0.025
4 0.48125 0.70078125 0.0328125 0.0625