57 0.5078125 0.4125 0.11875 0.0296875
54 0.26953125 0.26328125 0.084375 0.084375
54 0.846875 0.63671875 0.0703125 0.078125
54 0.81484375 0.3109375 0.084375 0.084375
54 0.903125 0.6421875 0.084375 0.084375
54 0.76015625 0.30625 0.0734375 0.0796875
49 0.4359375 0.6984375 0.034375 0.0625
58 0.096875 0.6421875 0.0359375 0.025
54 0.2171875 0.25859375 0.0734375 0.0796875
53 0.7 0.4171875 0.0234375 0.0203125
58 0.8734375 0.71015625 0.0359375 0.025
55 0.23203125 0.60390625 0.0296875 0.028125
58 0.4734375 0.80078125 0.0546875 0.03125
58 0.2421875 0.33125 0.0375 0.025
53 0.49375 0.625 0.0234375 0.0203125
53 0.75 0.6140625 0.0234375 0.0203125
29 0.48671875 0.7015625 0.03125 0.0625
58 0.78515625 0.37890625 0.0375 0.0265625
53 0.31875 0.38359375 0.0234375 0.021875
53 0.49453125 0.5640625 0.0234375 0.0203125