32 0.47265625 0.7078125 0.0359375 0.065625
0 0.4765625 0.465625 0.0328125 0.0609375
57 0.49375 0.4140625 0.128125 0.0296875
53 0.41640625 0.5984375 0.0328125 0.0234375
55 0.1703125 0.57109375 0.03125 0.03125
52 0.4859375 0.31796875 0.0484375 0.025
44 0.39296875 0.475 0.0328125 0.059375
52 0.528125 0.8015625 0.053125 0.0296875
52 0.92265625 0.48671875 0.0484375 0.025
53 0.50546875 0.5640625 0.04375 0.025
22 0.078125 0.46640625 0.0328125 0.0578125
29 0.30703125 0.48046875 0.03125 0.0609375
58 0.08125 0.55859375 0.0515625 0.0265625
51 0.5609375 0.45859375 0.0328125 0.059375
38 0.03359375 0.4734375 0.03125 0.05625
6 0.9171875 0.39140625 0.034375 0.059375
15 0.87109375 0.4 0.0359375 0.0578125
46 0.521875 0.69921875 0.034375 0.0625
50 0.64609375 0.45078125 0.03125 0.0578125