22 0.3984375 0.45703125 0.0296875 0.0578125
42 0.4390625 0.69921875 0.034375 0.0609375
57 0.5078125 0.4140625 0.1171875 0.025
52 0.91953125 0.55 0.046875 0.0234375
18 0.92890625 0.45625 0.0296875 0.05625
55 0.16484375 0.51875 0.03125 0.0296875
52 0.47890625 0.80078125 0.0546875 0.0296875
58 0.5125 0.31953125 0.028125 0.0234375
58 0.08046875 0.49453125 0.0375 0.0234375
24 0.48203125 0.4625 0.0328125 0.0609375
53 0.4953125 0.565625 0.034375 0.021875
29 0.490625 0.7015625 0.03125 0.0625
17 0.490625 0.7015625 0.03125 0.0625
1 0.3140625 0.45390625 0.0328125 0.0609375
45 0.88203125 0.4625 0.03125 0.0546875