20 0.51328125 0.459375 0.0375 0.0625
4 0.43046875 0.47578125 0.0359375 0.0625
54 0.109375 0.51796875 0.0765625 0.0828125
54 0.05390625 0.525 0.0890625 0.0859375
34 0.596875 0.44453125 0.0359375 0.0578125
55 0.8421875 0.478125 0.0328125 0.03125
58 0.55234375 0.796875 0.0578125 0.0375
58 0.08984375 0.59453125 0.053125 0.0296875
58 0.91640625 0.4484375 0.05 0.0296875
56 0.26015625 0.8515625 0.39375 0.1390625
53 0.5109375 0.56328125 0.034375 0.025
14 0.53046875 0.69765625 0.0375 0.0640625
30 0.58125 0.6921875 0.0375 0.0640625
30 0.68125 0.4296875 0.0359375 0.0578125
26 0.58125 0.6921875 0.0375 0.0625
57 0.48515625 0.4171875 0.1140625 0.0375