57 0.4921875 0.4125 0.1171875 0.025
54 0.09453125 0.63515625 0.0828125 0.0828125
54 0.15078125 0.63125 0.06875 0.078125
53 0.5046875 0.5640625 0.03125 0.0203125
55 0.784375 0.378125 0.028125 0.028125
39 0.6015625 0.45703125 0.0296875 0.0578125
18 0.51796875 0.4625 0.0296875 0.0578125
53 0.50390625 0.625 0.0234375 0.0203125
58 0.12265625 0.703125 0.0359375 0.025
58 0.90234375 0.65078125 0.05 0.025
58 0.2171875 0.37734375 0.05 0.025
58 0.7625 0.3359375 0.034375 0.0234375
33 0.5609375 0.70078125 0.03125 0.0609375
58 0.51953125 0.80078125 0.0421875 0.0265625
17 0.509375 0.7 0.03125 0.0609375
7 0.6859375 0.45078125 0.0328125 0.059375