12 0.92890625 0.4578125 0.0328125 0.0609375
57 0.5078125 0.4125 0.1265625 0.0265625
28 0.3140625 0.45078125 0.0328125 0.059375
4 0.490625 0.7015625 0.0359375 0.065625
52 0.47890625 0.80234375 0.0546875 0.028125
55 0.83046875 0.5640625 0.0296875 0.028125
58 0.5125 0.31953125 0.0515625 0.025
8 0.56640625 0.4703125 0.0328125 0.059375
36 0.88359375 0.4609375 0.034375 0.0609375
53 0.4953125 0.5640625 0.0421875 0.021875
58 0.91953125 0.553125 0.0609375 0.025
58 0.07890625 0.49375 0.053125 0.025
23 0.65078125 0.47421875 0.0296875 0.0578125
27 0.48203125 0.4625 0.03125 0.059375
25 0.4390625 0.70078125 0.0328125 0.0609375
5 0.440625 0.70078125 0.03125 0.059375
14 0.39765625 0.45859375 0.03125 0.059375