57 0.5078125 0.4125 0.115625 0.028125
52 0.5171875 0.31796875 0.0484375 0.025
58 0.46640625 0.8015625 0.059375 0.0328125
54 0.95390625 0.49921875 0.075 0.0796875
55 0.828125 0.5765625 0.034375 0.0328125
54 0.9 0.49296875 0.0859375 0.0859375
54 0.0640625 0.40546875 0.0875 0.0890625
54 0.11640625 0.4109375 0.0765625 0.0796875
53 0.48359375 0.62578125 0.03125 0.0203125
53 0.18515625 0.475 0.0328125 0.025
58 0.0796875 0.4796875 0.0609375 0.0265625
58 0.915625 0.565625 0.053125 0.028125
13 0.47421875 0.6984375 0.0359375 0.065625
15 0.52421875 0.70703125 0.0375 0.0609375