55 0.45625 0.35 0.0265625 0.0234375
52 0.921875 0.5203125 0.0453125 0.0203125
58 0.0828125 0.521875 0.0328125 0.021875
58 0.5015625 0.8015625 0.0359375 0.021875
53 0.5 0.5640625 0.03125 0.01875
58 0.5015625 0.315625 0.0359375 0.021875
28 0.925 0.428125 0.0265625 0.0546875
57 0.5 0.4109375 0.1125 0.0171875
27 0.4796875 0.4640625 0.0265625 0.0578125
49 0.878125 0.4328125 0.025 0.053125
4 0.3953125 0.465625 0.0265625 0.0578125
8 0.3109375 0.4640625 0.0265625 0.05625
22 0.0828125 0.428125 0.028125 0.0546875
20 0.5640625 0.4640625 0.0265625 0.05625
46 0.0359375 0.4328125 0.0265625 0.053125
46 0.0359375 0.43125 0.0265625 0.053125
29 0.6484375 0.4640625 0.021875 0.0546875