54 0.92890625 0.375 0.090625 0.090625
55 0.60234375 0.3328125 0.03125 0.0296875
54 0.8734375 0.38515625 0.078125 0.084375
58 0.553125 0.8015625 0.0609375 0.0359375
54 0.73359375 0.24296875 0.075 0.078125
54 0.78984375 0.234375 0.090625 0.0890625
57 0.4875 0.41328125 0.13125 0.040625
58 0.25078125 0.7515625 0.0546875 0.0328125
58 0.77890625 0.3109375 0.0546875 0.0328125
58 0.91796875 0.45 0.0546875 0.03125
58 0.175 0.41953125 0.053125 0.0296875
58 0.3703125 0.340625 0.053125 0.028125
58 0.5640625 0.30625 0.0515625 0.0296875
58 0.82265625 0.65390625 0.0265625 0.025
53 0.51171875 0.56640625 0.0453125 0.0265625
58 0.0921875 0.59765625 0.0296875 0.0265625
49 0.3078125 0.49921875 0.0359375 0.059375
6 0.390625 0.484375 0.0375 0.0625
10 0.47421875 0.47109375 0.034375 0.059375
7 0.55703125 0.45625 0.0359375 0.059375
2 0.640625 0.4421875 0.0359375 0.0625