54 0.10234375 0.47890625 0.0828125 0.0828125
54 0.04765625 0.4828125 0.0734375 0.078125
54 0.60390625 0.2390625 0.0828125 0.0828125
54 0.54921875 0.24296875 0.0703125 0.0796875
58 0.08203125 0.55078125 0.0546875 0.0265625
54 0.203125 0.3125 0.0828125 0.0828125
58 0.52109375 0.80078125 0.059375 0.03125
58 0.92109375 0.4921875 0.0546875 0.025
53 0.50625 0.5625 0.0484375 0.025
58 0.18515625 0.3828125 0.05625 0.0265625
54 0.1484375 0.31640625 0.075 0.08125
58 0.390625 0.32421875 0.0546875 0.0296875
58 0.58515625 0.3109375 0.053125 0.025
55 0.61875 0.33984375 0.028125 0.028125
57 0.4953125 0.4125 0.128125 0.028125
58 0.796875 0.33828125 0.053125 0.028125
58 0.80390625 0.68203125 0.0265625 0.025
58 0.22578125 0.72265625 0.0265625 0.025
8 0.309375 0.47890625 0.0296875 0.0578125
29 0.39140625 0.4734375 0.028125 0.059375
39 0.47734375 0.4671875 0.0265625 0.05625
47 0.46796875 0.709375 0.03125 0.059375
31 0.51875 0.70078125 0.0328125 0.0609375