58 0.45234375 0.79921875 0.05625 0.0328125
58 0.4296875 0.30234375 0.0375 0.025
55 0.39296875 0.3359375 0.0296875 0.0296875
42 0.4421875 0.4546875 0.034375 0.059375
58 0.0796875 0.45546875 0.0484375 0.028125
58 0.75390625 0.74609375 0.0375 0.025
58 0.91328125 0.5875 0.05 0.0296875
57 0.5125 0.41328125 0.1265625 0.0359375
58 0.82265625 0.40859375 0.046875 0.028125
44 0.13671875 0.37421875 0.0359375 0.059375
53 0.48984375 0.56328125 0.0453125 0.025
52 0.18125 0.65703125 0.0484375 0.0265625
32 0.23671875 0.575 0.0359375 0.059375
33 0.52578125 0.46796875 0.0359375 0.0609375
28 0.6921875 0.49375 0.0375 0.0625
4 0.1921875 0.56328125 0.0359375 0.0609375
31 0.09140625 0.3625 0.0359375 0.059375
29 0.609375 0.48125 0.034375 0.0609375
4 0.1921875 0.56328125 0.0359375 0.0609375
58 0.6234375 0.3375 0.05 0.0296875