54 0.51328125 0.24375 0.071875 0.078125
54 0.10703125 0.47734375 0.071875 0.078125
55 0.5328125 0.34765625 0.028125 0.028125
54 0.05390625 0.4828125 0.0859375 0.0859375
57 0.49375 0.4125 0.1171875 0.025
54 0.45859375 0.24921875 0.0875 0.0875
53 0.50546875 0.6265625 0.03125 0.0203125
58 0.52109375 0.80234375 0.05625 0.0296875
58 0.08203125 0.55234375 0.0515625 0.0234375
53 0.1875 0.5296875 0.0328125 0.0234375
58 0.4875 0.31953125 0.053125 0.0296875
58 0.92109375 0.49375 0.0515625 0.0265625
18 0.5609375 0.69765625 0.034375 0.059375
16 0.509375 0.7 0.0359375 0.0640625