52 0.52421875 0.31875 0.053125 0.028125
55 0.54296875 0.653125 0.03125 0.03125
58 0.08046875 0.46640625 0.0515625 0.028125
58 0.4578125 0.8015625 0.0296875 0.028125
58 0.91328125 0.58203125 0.0546875 0.028125
57 0.50859375 0.41484375 0.13125 0.0359375
53 0.4890625 0.56640625 0.0484375 0.0265625
22 0.44140625 0.45546875 0.034375 0.059375
10 0.525 0.4671875 0.034375 0.0578125
18 0.60859375 0.47890625 0.034375 0.0609375
3 0.5796875 0.23671875 0.0359375 0.0578125
47 0.0890625 0.36953125 0.034375 0.0578125
41 0.13515625 0.37890625 0.0328125 0.0578125
2 0.53359375 0.22890625 0.0328125 0.05625
29 0.69375 0.4921875 0.034375 0.0625