49 0.490625 0.7 0.034375 0.065625
12 0.3140625 0.45078125 0.03125 0.0609375
57 0.5078125 0.4140625 0.125 0.0265625
55 0.42578125 0.6390625 0.028125 0.028125
52 0.08046875 0.49296875 0.0484375 0.0234375
36 0.04453125 0.40078125 0.03125 0.05625
53 0.4953125 0.5640625 0.04375 0.0234375
52 0.48046875 0.80234375 0.05625 0.028125
58 0.91953125 0.553125 0.05 0.025
17 0.3984375 0.45703125 0.0265625 0.0578125
23 0.92734375 0.4578125 0.0328125 0.05625
37 0.440625 0.69921875 0.0328125 0.0609375
21 0.0890625 0.40078125 0.0296875 0.0578125
1 0.56640625 0.46875 0.028125 0.0578125
15 0.65078125 0.47421875 0.0296875 0.0578125
42 0.88203125 0.4578125 0.0296875 0.05625
4 0.48359375 0.4625 0.03125 0.0609375