37 0.56640625 0.69921875 0.034375 0.0640625
38 0.51796875 0.70234375 0.0359375 0.065625
53 0.50703125 0.6296875 0.0421875 0.0234375
53 0.48359375 0.38515625 0.028125 0.021875
53 0.2546875 0.440625 0.0328125 0.0203125
55 0.7609375 0.365625 0.03125 0.03125
58 0.84609375 0.35546875 0.075 0.034375
58 0.53203125 0.8046875 0.05625 0.03125
58 0.12890625 0.72109375 0.0640625 0.0296875
58 0.13125 0.43046875 0.0625 0.0265625
58 0.48125 0.32265625 0.059375 0.028125
52 0.90546875 0.63828125 0.05 0.025
57 0.49140625 0.41484375 0.13125 0.0375
54 0.503125 0.2484375 0.08125 0.0796875
54 0.44921875 0.25390625 0.0875 0.0859375
54 0.8125 0.28828125 0.0875 0.0890625
54 0.87265625 0.28203125 0.0734375 0.08125
54 0.1515625 0.3578125 0.0796875 0.0828125
54 0.09921875 0.36328125 0.0890625 0.090625