57 0.4921875 0.4125 0.1296875 0.0265625
52 0.51953125 0.80078125 0.0546875 0.028125
54 0.8921875 0.42421875 0.0828125 0.0828125
53 0.8140625 0.4859375 0.0328125 0.021875
54 0.9453125 0.4203125 0.0734375 0.078125
52 0.4859375 0.31796875 0.05 0.0234375
53 0.50546875 0.6265625 0.0421875 0.0203125
55 0.16953125 0.5640625 0.03125 0.0296875
58 0.07890625 0.5515625 0.0578125 0.025
58 0.91953125 0.49453125 0.05 0.0265625
55 0.4796875 0.590625 0.028125 0.0359375
13 0.5609375 0.69921875 0.0328125 0.0578125
7 0.5109375 0.7015625 0.0328125 0.0625