24 0.31328125 0.45546875 0.034375 0.0609375
20 0.20703125 0.5921875 0.0375 0.059375
40 0.92890625 0.4625 0.03125 0.0578125
49 0.39765625 0.46015625 0.0296875 0.0578125
26 0.56640625 0.471875 0.028125 0.05625
34 0.88203125 0.4625 0.0328125 0.0578125
23 0.48046875 0.4640625 0.03125 0.05625
31 0.16171875 0.59375 0.034375 0.059375
58 0.07890625 0.4953125 0.053125 0.028125
58 0.5125 0.32265625 0.0375 0.0296875
58 0.7890625 0.37890625 0.0421875 0.025
58 0.77578125 0.72578125 0.0375 0.025
58 0.48046875 0.80546875 0.04375 0.028125
58 0.196875 0.6890625 0.05 0.025
55 0.2859375 0.62734375 0.0296875 0.0296875
57 0.50546875 0.4171875 0.1140625 0.028125
52 0.9171875 0.55390625 0.05 0.025