6 0.68984375 0.47734375 0.034375 0.05625
42 0.5328125 0.70625 0.034375 0.0578125
10 0.48125 0.69921875 0.034375 0.0609375
7 0.60703125 0.47265625 0.03125 0.059375
1 0.52265625 0.4671875 0.0296875 0.059375
54 0.95234375 0.484375 0.075 0.0796875
54 0.89765625 0.48046875 0.0890625 0.0828125
54 0.45234375 0.24453125 0.071875 0.08125
54 0.39609375 0.24375 0.0828125 0.0890625
54 0.23671875 0.2734375 0.071875 0.0796875
54 0.184375 0.26796875 0.0828125 0.0828125
54 0.11328125 0.42734375 0.075 0.08125
54 0.0609375 0.42265625 0.0859375 0.0828125
57 0.5046875 0.4140625 0.1265625 0.028125
55 0.3828125 0.34296875 0.03125 0.028125
58 0.4140625 0.3125 0.0515625 0.025
58 0.20234375 0.33984375 0.0546875 0.028125
58 0.07890625 0.49375 0.053125 0.025
58 0.196875 0.6859375 0.053125 0.028125
58 0.47890625 0.80546875 0.0625 0.03125
58 0.77421875 0.72734375 0.0546875 0.0265625
58 0.9171875 0.55390625 0.053125 0.028125
58 0.81328125 0.384375 0.059375 0.0265625
58 0.6078125 0.32578125 0.0609375 0.0296875
53 0.49375 0.565625 0.046875 0.025