54 0.0625 0.41328125 0.084375 0.0859375
57 0.50625 0.4140625 0.1140625 0.0296875
34 0.6078125 0.471875 0.03125 0.05625
20 0.5234375 0.4640625 0.0328125 0.059375
54 0.11796875 0.41796875 0.071875 0.0796875
58 0.4734375 0.80078125 0.0546875 0.03125
55 0.8359375 0.5671875 0.0296875 0.0296875
58 0.0796875 0.48515625 0.0515625 0.028125
58 0.915625 0.55859375 0.0484375 0.0265625
53 0.49453125 0.5640625 0.0328125 0.0234375
14 0.478125 0.69921875 0.0328125 0.0609375
26 0.52890625 0.70625 0.0328125 0.0609375
30 0.69296875 0.47890625 0.03125 0.05625