11 0.5265625 0.46796875 0.0375 0.0640625
51 0.509375 0.71875 0.040625 0.0609375
57 0.51328125 0.41328125 0.11875 0.0390625
12 0.6921875 0.49765625 0.0375 0.0625
47 0.44296875 0.453125 0.0375 0.0625
1 0.609375 0.4828125 0.034375 0.059375
58 0.85234375 0.74140625 0.0359375 0.025
55 0.53828125 0.65234375 0.03125 0.0296875
52 0.084375 0.60625 0.0484375 0.0296875
58 0.25546875 0.3109375 0.053125 0.0296875
58 0.79296875 0.40546875 0.05 0.0296875
29 0.36015625 0.4390625 0.034375 0.0609375
58 0.44609375 0.796875 0.0546875 0.0328125
35 0.1421875 0.52421875 0.0375 0.0546875
53 0.4890625 0.56328125 0.034375 0.0234375
23 0.45859375 0.71015625 0.0390625 0.065625
7 0.26953125 0.21640625 0.0359375 0.0578125
13 0.0984375 0.51171875 0.0296875 0.0515625
35 0.14375 0.52265625 0.0375 0.0546875
27 0.31328125 0.22890625 0.0390625 0.0625