24 0.30859375 0.48515625 0.034375 0.0625
20 0.225 0.63671875 0.0375 0.0609375
40 0.9171875 0.39609375 0.0328125 0.0578125
49 0.39296875 0.4765625 0.03125 0.0578125
26 0.5609375 0.46171875 0.0296875 0.05625
34 0.87109375 0.403125 0.034375 0.059375
23 0.475 0.46796875 0.0328125 0.05625
31 0.18046875 0.6453125 0.034375 0.0609375
58 0.08359375 0.56171875 0.053125 0.0296875
58 0.484375 0.32265625 0.0375 0.0296875
58 0.76640625 0.33515625 0.0421875 0.025
58 0.8078125 0.68046875 0.0375 0.025
58 0.528125 0.8046875 0.04375 0.028125
58 0.23046875 0.73359375 0.05 0.0265625
55 0.30859375 0.659375 0.03125 0.03125
57 0.49296875 0.4171875 0.1140625 0.0296875
52 0.92109375 0.48828125 0.05 0.0265625