41 0.4640625 0.70546875 0.03125 0.0609375
54 0.18671875 0.64921875 0.06875 0.0765625
57 0.496875 0.4125 0.1296875 0.0265625
54 0.23984375 0.646875 0.0828125 0.08125
54 0.78984375 0.26875 0.08125 0.08125
54 0.1921875 0.3 0.06875 0.0765625
54 0.940625 0.4265625 0.084375 0.0828125
54 0.10078125 0.47109375 0.0796875 0.0796875
54 0.0484375 0.475 0.0703125 0.078125
54 0.246875 0.29921875 0.084375 0.084375
54 0.73515625 0.271875 0.0703125 0.0765625
54 0.8859375 0.43125 0.0703125 0.0796875
53 0.509375 0.625 0.03125 0.0203125
58 0.5171875 0.80078125 0.065625 0.03125
53 0.503125 0.5640625 0.03125 0.0203125
58 0.22734375 0.3703125 0.059375 0.0265625
58 0.92265625 0.4984375 0.0578125 0.025
58 0.0828125 0.5421875 0.0578125 0.025
53 0.653125 0.4 0.028125 0.01875
58 0.80078125 0.6875 0.0609375 0.025
55 0.21171875 0.40859375 0.0296875 0.028125
58 0.4921875 0.315625 0.059375 0.025
58 0.221875 0.71796875 0.0515625 0.025
58 0.7703125 0.3421875 0.0578125 0.025
53 0.81796875 0.48359375 0.0296875 0.01875
29 0.51484375 0.70078125 0.0296875 0.0609375