54 0.14375 0.3125 0.06875 0.075
58 0.834375 0.40859375 0.0359375 0.0234375
58 0.17421875 0.38515625 0.0359375 0.0234375
54 0.2 0.315625 0.0796875 0.08125
58 0.49140625 0.8015625 0.04375 0.0296875
6 0.44609375 0.7 0.03125 0.0546875
55 0.19140625 0.428125 0.0328125 0.03125
57 0.503125 0.4125 0.1046875 0.0203125
48 0.3125 0.4578125 0.028125 0.0578125
27 0.396875 0.46015625 0.0265625 0.0578125
49 0.48125 0.46328125 0.028125 0.0609375
6 0.56484375 0.47109375 0.0296875 0.0578125
1 0.49765625 0.7015625 0.028125 0.0609375
6 0.44609375 0.7046875 0.03125 0.0578125