51 0.478125 0.70546875 0.0390625 0.0640625
52 0.53828125 0.79921875 0.05625 0.03125
57 0.490625 0.41328125 0.128125 0.034375
54 0.43828125 0.25078125 0.0734375 0.08125
54 0.88203125 0.4046875 0.075 0.08125
55 0.45546875 0.65 0.0328125 0.0328125
54 0.934375 0.39765625 0.0890625 0.090625
54 0.4921875 0.24609375 0.0890625 0.090625
53 0.8125 0.46953125 0.034375 0.025
53 0.51875 0.625 0.04375 0.025
30 0.52890625 0.69765625 0.0359375 0.0640625
58 0.921875 0.471875 0.0609375 0.0296875
58 0.4796875 0.31953125 0.053125 0.0328125
58 0.0859375 0.57421875 0.053125 0.0296875
53 0.48828125 0.37890625 0.034375 0.034375
55 0.5375 0.58984375 0.028125 0.0296875