23 0.52265625 0.465625 0.0328125 0.0578125
42 0.60703125 0.46953125 0.03125 0.059375
52 0.47734375 0.80078125 0.053125 0.0296875
38 0.4828125 0.69765625 0.034375 0.0609375
57 0.5046875 0.4125 0.1265625 0.0265625
55 0.83046875 0.5640625 0.0296875 0.028125
52 0.5109375 0.3171875 0.05 0.0234375
52 0.91796875 0.54921875 0.0484375 0.0234375
58 0.07734375 0.49375 0.0609375 0.025
53 0.49375 0.5640625 0.0453125 0.0234375
45 0.5328125 0.7046875 0.034375 0.0609375
11 0.3546875 0.45390625 0.0328125 0.0578125
36 0.96484375 0.46328125 0.0296875 0.05625
37 0.08125 0.3984375 0.0296875 0.0578125
35 0.12734375 0.40625 0.0328125 0.05625
17 0.69140625 0.47578125 0.03125 0.059375
25 0.69140625 0.47734375 0.0296875 0.0578125
24 0.43671875 0.459375 0.0328125 0.0609375
36 0.96640625 0.4640625 0.03125 0.0578125
15 0.91953125 0.45546875 0.03125 0.0578125
16 0.43671875 0.459375 0.0328125 0.0609375