49 0.4984375 0.7 0.0328125 0.0640625
12 0.68828125 0.4609375 0.028125 0.0578125
57 0.496875 0.4140625 0.1234375 0.01875
55 0.56640625 0.64296875 0.0265625 0.0265625
52 0.91875 0.51328125 0.0453125 0.021875
52 0.50546875 0.803125 0.053125 0.0265625
53 0.50078125 0.5640625 0.0421875 0.021875
58 0.07890625 0.53046875 0.0484375 0.0234375
17 0.60390625 0.4625 0.0265625 0.05625
37 0.54921875 0.70234375 0.03125 0.059375
23 0.07578125 0.43671875 0.03125 0.0546875
4 0.51953125 0.4640625 0.0296875 0.059375
36 0.959375 0.425 0.0296875 0.0546875
21 0.915625 0.42109375 0.0296875 0.0546875
42 0.12109375 0.4375 0.03125 0.0546875
21 0.915625 0.42109375 0.0296875 0.0546875
1 0.43515625 0.46796875 0.0265625 0.0578125