32 0.31015625 0.4734375 0.0296875 0.059375
29 0.39296875 0.47109375 0.0265625 0.059375
30 0.4765625 0.46640625 0.0265625 0.053125
4 0.5625 0.46484375 0.0296875 0.0578125
2 0.646875 0.46171875 0.028125 0.05625
24 0.72578125 0.2609375 0.0296875 0.0546875
0 0.77265625 0.25625 0.03125 0.0546875
19 0.87578125 0.42265625 0.0296875 0.053125
17 0.91953125 0.41640625 0.0234375 0.053125
47 0.75234375 0.60859375 0.0296875 0.0578125
11 0.79609375 0.60546875 0.028125 0.0578125
21 0.16953125 0.62890625 0.0265625 0.0546875
22 0.21953125 0.62421875 0.0296875 0.053125
55 0.44296875 0.64921875 0.025 0.0234375
57 0.4984375 0.4171875 0.1265625 0.025
58 0.23125 0.36875 0.0515625 0.021875
58 0.509375 0.80625 0.0640625 0.0265625
58 0.92265625 0.51015625 0.0390625 0.0265625
53 0.409375 0.5953125 0.028125 0.021875
53 0.50234375 0.5671875 0.0421875 0.01875
53 0.596875 0.5890625 0.03125 0.0171875
52 0.21796875 0.71640625 0.0453125 0.021875
52 0.79765625 0.69765625 0.0484375 0.0203125
52 0.7734375 0.35 0.0484375 0.0203125