57 0.48984375 0.41484375 0.1171875 0.0359375
54 0.05234375 0.50625 0.090625 0.0859375
54 0.8859375 0.40234375 0.0875 0.0875
54 0.9421875 0.396875 0.0765625 0.08125
53 0.1890625 0.54609375 0.0234375 0.0203125
54 0.1078125 0.49765625 0.0734375 0.08125
26 0.51953125 0.69921875 0.0359375 0.0625
55 0.83671875 0.49921875 0.03125 0.0296875
52 0.91796875 0.46875 0.046875 0.0234375
52 0.53515625 0.79921875 0.0546875 0.0328125
53 0.8140625 0.46953125 0.0328125 0.021875
58 0.475 0.31875 0.0359375 0.025
58 0.08203125 0.5734375 0.034375 0.025
53 0.48125 0.3828125 0.0234375 0.0234375
53 0.5125 0.62421875 0.0234375 0.021875
53 0.48125 0.3828125 0.021875 0.0234375
26 0.57109375 0.69609375 0.0375 0.0625
25 0.57109375 0.69609375 0.0359375 0.0625