54 0.2421875 0.63125 0.0625 0.0703125
54 0.4328125 0.246875 0.0671875 0.071875
54 0.1859375 0.6328125 0.078125 0.0765625
54 0.821875 0.634375 0.0640625 0.0734375
54 0.628125 0.246875 0.0640625 0.075
57 0.5015625 0.4140625 0.1328125 0.021875
54 0.378125 0.2453125 0.0765625 0.075
54 0.7671875 0.6328125 0.078125 0.0765625
54 0.7828125 0.290625 0.078125 0.078125
53 0.6125 0.3828125 0.040625 0.0203125
54 0.8375 0.290625 0.0671875 0.0734375
54 0.5734375 0.2453125 0.078125 0.078125
53 0.4515625 0.384375 0.040625 0.01875
53 0.5 0.5640625 0.040625 0.021875
58 0.5 0.8015625 0.0546875 0.0296875
58 0.8078125 0.3609375 0.05 0.0265625
58 0.209375 0.7046875 0.05 0.0234375
58 0.5984375 0.315625 0.05 0.021875
53 0.4953125 0.625 0.04375 0.021875
58 0.7890625 0.7046875 0.0515625 0.021875
58 0.4015625 0.3171875 0.0515625 0.021875
58 0.0796875 0.5234375 0.05 0.021875
58 0.1921875 0.3625 0.0515625 0.025
55 0.8015625 0.403125 0.0265625 0.0265625
33 0.546875 0.7046875 0.0265625 0.059375
58 0.9203125 0.521875 0.021875 0.021875
19 0.4953125 0.7 0.0296875 0.059375