20 0.9234375 0.49453125 0.0359375 0.059375
0 0.35703125 0.44296875 0.0375 0.0625
42 0.52578125 0.46796875 0.034375 0.059375
57 0.5125 0.41328125 0.1359375 0.0390625
55 0.16484375 0.48984375 0.0328125 0.03125
43 0.4421875 0.4546875 0.0359375 0.059375
52 0.52734375 0.31953125 0.05 0.0296875
52 0.91015625 0.5859375 0.0484375 0.025
58 0.0796875 0.45703125 0.0609375 0.03125
17 0.6921875 0.49375 0.0359375 0.059375
49 0.1375 0.37265625 0.0375 0.059375
53 0.49140625 0.56328125 0.0484375 0.025
52 0.4515625 0.79765625 0.0546875 0.03125
41 0.609375 0.48125 0.0359375 0.0609375
48 0.51328125 0.7046875 0.040625 0.0546875
28 0.9671875 0.50625 0.0359375 0.0578125
24 0.46484375 0.6921875 0.0390625 0.059375
5 0.09296875 0.3625 0.0359375 0.0609375
48 0.51328125 0.7046875 0.040625 0.0546875
24 0.46484375 0.69375 0.0390625 0.059375
5 0.09296875 0.3625 0.0359375 0.0609375