2 0.76484375 0.6546875 0.034375 0.0578125
42 0.9671875 0.5046875 0.0328125 0.0546875
57 0.5140625 0.41328125 0.13125 0.0421875
22 0.259375 0.21953125 0.034375 0.0578125
52 0.91015625 0.5875 0.0484375 0.025
23 0.30390625 0.2296875 0.034375 0.0578125
55 0.27421875 0.60546875 0.0296875 0.028125
53 0.48828125 0.56484375 0.0421875 0.0234375
52 0.753125 0.74765625 0.05 0.028125
58 0.24765625 0.31484375 0.0515625 0.0296875
52 0.08046875 0.45390625 0.05 0.0296875
53 0.5765625 0.60390625 0.0328125 0.021875
58 0.45234375 0.79921875 0.059375 0.034375
53 0.39453125 0.575 0.0296875 0.021875
58 0.18125 0.65703125 0.0515625 0.0296875
58 0.78515625 0.39765625 0.0375 0.0265625
58 0.52890625 0.31953125 0.053125 0.0296875
27 0.09296875 0.3625 0.0390625 0.0609375
41 0.1375 0.37265625 0.034375 0.0578125
48 0.921875 0.4953125 0.034375 0.059375
26 0.8125 0.66640625 0.034375 0.0578125
30 0.8125 0.66640625 0.034375 0.0578125
36 0.921875 0.49375 0.034375 0.0578125