12 0.9171875 0.39140625 0.0328125 0.0609375
57 0.49375 0.4125 0.1265625 0.028125
28 0.30859375 0.48046875 0.0328125 0.059375
4 0.521875 0.7 0.0359375 0.0671875
52 0.5265625 0.80234375 0.0546875 0.0296875
55 0.83671875 0.5109375 0.0296875 0.0296875
58 0.484375 0.31953125 0.0515625 0.0265625
8 0.5609375 0.46015625 0.0328125 0.059375
36 0.87265625 0.4015625 0.034375 0.0625
53 0.50546875 0.5640625 0.0421875 0.021875
58 0.92265625 0.48671875 0.0609375 0.025
58 0.08359375 0.56015625 0.053125 0.0265625
23 0.64453125 0.4515625 0.03125 0.0578125
27 0.4765625 0.465625 0.03125 0.059375
25 0.47109375 0.7078125 0.0328125 0.0609375
5 0.47265625 0.7078125 0.03125 0.059375
14 0.39296875 0.475 0.03125 0.059375