33 0.49296875 0.225 0.0390625 0.0609375
45 0.9453125 0.3546875 0.040625 0.0609375
21 0.89921875 0.36015625 0.0359375 0.0625
13 0.59765625 0.44921875 0.0359375 0.059375
17 0.11640625 0.50078125 0.034375 0.0546875
18 0.06953125 0.50625 0.034375 0.05625
22 0.5140625 0.4640625 0.0375 0.0609375
2 0.43125 0.47890625 0.0359375 0.059375
47 0.3484375 0.49375 0.034375 0.059375
8 0.44921875 0.23125 0.0375 0.0640625
32 0.68046875 0.43515625 0.0390625 0.0640625
58 0.9171875 0.453125 0.0390625 0.0296875
58 0.553125 0.8 0.0328125 0.0296875
52 0.4671875 0.3234375 0.0515625 0.0296875
52 0.0890625 0.59765625 0.053125 0.0296875
57 0.48359375 0.4171875 0.1125 0.0390625
53 0.51171875 0.56640625 0.034375 0.0234375
53 0.60546875 0.575 0.0171875 0.0203125
55 0.51796875 0.34921875 0.0359375 0.0359375