57 0.51484375 0.4140625 0.1296875 0.0375
52 0.4546875 0.7984375 0.05625 0.0328125
54 0.115625 0.38984375 0.0890625 0.0890625
53 0.18828125 0.45859375 0.034375 0.025
54 0.06328125 0.38203125 0.0796875 0.0828125
52 0.53046875 0.31953125 0.0515625 0.028125
53 0.48359375 0.62578125 0.0421875 0.0234375
55 0.82421875 0.5921875 0.034375 0.0328125
58 0.91484375 0.5875 0.059375 0.0296875
58 0.0828125 0.4578125 0.0515625 0.03125
55 0.5125 0.5921875 0.03125 0.0375
13 0.421875 0.69296875 0.0375 0.0609375
7 0.471875 0.69921875 0.0375 0.0640625