54 0.8015625 0.659375 0.0859375 0.0828125
57 0.509375 0.41328125 0.1171875 0.0296875
54 0.05625 0.4109375 0.075 0.0796875
54 0.746875 0.65625 0.0703125 0.078125
54 0.94609375 0.490625 0.0859375 0.084375
54 0.22265625 0.2609375 0.071875 0.0796875
54 0.109375 0.415625 0.0828125 0.084375
54 0.27734375 0.265625 0.0859375 0.0859375
53 0.49453125 0.5640625 0.0328125 0.021875
54 0.89140625 0.4875 0.071875 0.08125
53 0.31015625 0.390625 0.0296875 0.0203125
58 0.91875 0.55859375 0.059375 0.0265625
55 0.425 0.6375 0.028125 0.028125
58 0.4734375 0.80234375 0.0640625 0.0328125
58 0.78984375 0.38125 0.0484375 0.025
58 0.24765625 0.33359375 0.0578125 0.0265625
58 0.19453125 0.67734375 0.0609375 0.028125
53 0.18359375 0.47421875 0.0296875 0.0203125
58 0.0828125 0.48359375 0.0578125 0.0265625
58 0.7703125 0.72734375 0.059375 0.025
58 0.5171875 0.31796875 0.059375 0.0265625
57 0.48671875 0.65546875 0.05 0.0234375
57 0.4859375 0.65703125 0.0515625 0.025
8 0.48671875 0.7015625 0.034375 0.0625
26 0.4359375 0.6984375 0.03125 0.059375
26 0.4359375 0.6984375 0.0328125 0.0609375