53 0.4953125 0.5625 0.046875 0.0234375
54 0.39296875 0.2390625 0.0828125 0.0828125
54 0.89765625 0.47109375 0.08125 0.08125
54 0.44609375 0.24375 0.06875 0.078125
54 0.95234375 0.4734375 0.071875 0.078125
54 0.846875 0.30703125 0.0765625 0.08125
54 0.79375 0.30390625 0.0828125 0.084375
58 0.9171875 0.5421875 0.053125 0.025
57 0.503125 0.4109375 0.1265625 0.0265625
55 0.378125 0.3421875 0.0296875 0.028125
58 0.60625 0.32109375 0.0546875 0.028125
58 0.2015625 0.3421875 0.0515625 0.0265625
58 0.19921875 0.6859375 0.0265625 0.0234375
56 0.190625 0.790625 0.38125 0.1
58 0.778125 0.71640625 0.0265625 0.025
58 0.07734375 0.4984375 0.0546875 0.0265625
58 0.81328125 0.37578125 0.053125 0.028125
8 0.690625 0.47265625 0.0296875 0.059375
58 0.41171875 0.3109375 0.053125 0.025
58 0.484375 0.79921875 0.0609375 0.034375
44 0.43671875 0.459375 0.028125 0.05625
47 0.5359375 0.70390625 0.034375 0.0609375
39 0.521875 0.46328125 0.0296875 0.059375
31 0.48515625 0.70078125 0.03125 0.0625
29 0.60625 0.47109375 0.0265625 0.059375