57 0.49375 0.415625 0.1234375 0.0234375
55 0.571875 0.64140625 0.028125 0.028125
18 0.51875 0.46484375 0.0296875 0.0578125
27 0.68671875 0.45390625 0.0296875 0.0578125
53 0.50390625 0.5671875 0.04375 0.0203125
19 0.603125 0.46015625 0.0296875 0.0609375
52 0.515625 0.80390625 0.053125 0.0296875
58 0.0796875 0.546875 0.05 0.0234375
49 0.434375 0.46875 0.03125 0.059375
6 0.071875 0.45234375 0.0328125 0.0578125
33 0.55625 0.70390625 0.0328125 0.0625
58 0.92109375 0.503125 0.0515625 0.0265625
14 0.50625 0.7015625 0.03125 0.0625
25 0.35 0.4734375 0.0296875 0.059375
9 0.11875 0.45234375 0.03125 0.05625
25 0.11875 0.45234375 0.03125 0.05625
5 0.11875 0.45234375 0.03125 0.05625