32 0.53828125 0.70625 0.0328125 0.0640625
0 0.521875 0.46484375 0.0296875 0.0609375
57 0.5015625 0.4140625 0.1265625 0.0234375
53 0.5890625 0.59375 0.03125 0.021875
55 0.8328125 0.55390625 0.0296875 0.0296875
52 0.5046875 0.3171875 0.046875 0.021875
44 0.60546875 0.46953125 0.0296875 0.059375
52 0.4875 0.803125 0.053125 0.0265625
52 0.07734375 0.50859375 0.046875 0.021875
53 0.49765625 0.5640625 0.0421875 0.0234375
22 0.91953125 0.44453125 0.0296875 0.0578125
29 0.69140625 0.47109375 0.028125 0.0609375
58 0.92109375 0.53671875 0.05 0.0234375
51 0.4375 0.46171875 0.0296875 0.059375
38 0.96484375 0.44921875 0.028125 0.05625
6 0.078125 0.41328125 0.03125 0.0578125
15 0.12421875 0.41953125 0.0328125 0.05625
46 0.48828125 0.7 0.03125 0.0609375
50 0.3515625 0.45859375 0.028125 0.0578125