32 0.3109375 0.4671875 0.028125 0.0578125
29 0.39375 0.4671875 0.025 0.0578125
30 0.478125 0.465625 0.025 0.0515625
4 0.5640625 0.4671875 0.028125 0.05625
2 0.6484375 0.4671875 0.0265625 0.0546875
24 0.734375 0.26875 0.028125 0.053125
0 0.78125 0.265625 0.0296875 0.053125
19 0.878125 0.4359375 0.028125 0.0515625
17 0.921875 0.43125 0.021875 0.053125
47 0.7484375 0.6171875 0.028125 0.05625
11 0.7921875 0.615625 0.0265625 0.05625
21 0.165625 0.6171875 0.025 0.053125
22 0.215625 0.6140625 0.028125 0.0515625
55 0.4375 0.646875 0.025 0.021875
57 0.5015625 0.4171875 0.1265625 0.0203125
58 0.2359375 0.359375 0.0515625 0.0203125
58 0.4984375 0.80625 0.0625 0.025
58 0.921875 0.525 0.0375 0.025
53 0.40625 0.5921875 0.028125 0.0203125
53 0.5 0.5671875 0.0421875 0.0171875
53 0.59375 0.5921875 0.03125 0.015625
52 0.2109375 0.70625 0.0453125 0.0203125
52 0.790625 0.7078125 0.0484375 0.01875
52 0.778125 0.359375 0.0484375 0.01875