20 0.5 0.225 0.03125 0.05625
57 0.5 0.4140625 0.125 0.0203125
55 0.56171875 0.64609375 0.028125 0.028125
42 0.52109375 0.4640625 0.028125 0.05625
52 0.5015625 0.31875 0.046875 0.021875
52 0.49296875 0.803125 0.0546875 0.0265625
53 0.49921875 0.5640625 0.0421875 0.021875
58 0.078125 0.51640625 0.059375 0.0234375
37 0.43671875 0.46328125 0.028125 0.0578125
58 0.91953125 0.53046875 0.0515625 0.025
24 0.5453125 0.22890625 0.03125 0.0578125
0 0.078125 0.42265625 0.03125 0.059375
51 0.35078125 0.46171875 0.028125 0.05625
51 0.35078125 0.46171875 0.0296875 0.05625
7 0.4921875 0.7 0.03125 0.0609375
23 0.54296875 0.70546875 0.0328125 0.0609375
26 0.68984375 0.4671875 0.03125 0.0578125
24 0.546875 0.23046875 0.03125 0.05625
1 0.60703125 0.4671875 0.025 0.053125
11 0.1234375 0.428125 0.028125 0.0515625