57 0.49375 0.4140625 0.1296875 0.0234375
54 0.46328125 0.2453125 0.08125 0.078125
55 0.5703125 0.6421875 0.028125 0.028125
54 0.10703125 0.4703125 0.0703125 0.071875
58 0.515625 0.80390625 0.059375 0.0296875
54 0.05390625 0.4734375 0.08125 0.08125
53 0.4890625 0.38203125 0.0421875 0.025
53 0.50234375 0.628125 0.0421875 0.021875
54 0.51640625 0.24375 0.0703125 0.0734375
53 0.18671875 0.52578125 0.046875 0.0234375
52 0.0796875 0.54375 0.046875 0.021875
52 0.4890625 0.3171875 0.0484375 0.0265625
1 0.50546875 0.7 0.034375 0.0640625
55 0.478125 0.5953125 0.028125 0.028125
55 0.20859375 0.490625 0.028125 0.03125
1 0.5578125 0.703125 0.034375 0.0609375