52 0.91640625 0.5734375 0.0484375 0.028125
55 0.475 0.34765625 0.0296875 0.028125
58 0.0828125 0.47265625 0.034375 0.0234375
58 0.4640625 0.80234375 0.0390625 0.028125
57 0.51171875 0.41484375 0.1140625 0.0296875
58 0.5234375 0.3203125 0.0390625 0.0265625
8 0.31640625 0.44453125 0.034375 0.059375
4 0.3984375 0.4546875 0.03125 0.0609375
27 0.48359375 0.46484375 0.0328125 0.0609375
46 0.046875 0.3796875 0.034375 0.059375
22 0.09609375 0.38125 0.034375 0.0578125
49 0.88359375 0.48125 0.03125 0.0546875
28 0.9296875 0.48515625 0.034375 0.0609375
53 0.4921875 0.56640625 0.0328125 0.021875