41 0.41796875 0.696875 0.0375 0.0640625
46 0.46796875 0.69921875 0.0453125 0.0671875
32 0.72421875 0.66015625 0.0390625 0.0609375
47 0.76953125 0.66328125 0.0375 0.059375
55 0.79609375 0.44765625 0.03125 0.034375
52 0.446875 0.8015625 0.0578125 0.034375
57 0.5140625 0.41875 0.1265625 0.0421875
58 0.0828125 0.453125 0.0546875 0.0328125
58 0.17734375 0.65546875 0.0546875 0.0328125
58 0.534375 0.325 0.0390625 0.03125
58 0.7984375 0.41171875 0.0453125 0.0328125
58 0.75 0.75703125 0.040625 0.0328125
53 0.49140625 0.56796875 0.0484375 0.03125