32 0.534375 0.70703125 0.034375 0.0640625
0 0.521875 0.46484375 0.03125 0.0609375
57 0.503125 0.4140625 0.128125 0.025
53 0.5875 0.5953125 0.0328125 0.021875
52 0.5078125 0.3171875 0.0484375 0.0234375
52 0.4828125 0.80234375 0.053125 0.028125
44 0.60625 0.47109375 0.0296875 0.059375
52 0.07734375 0.5015625 0.0484375 0.0234375
55 0.83203125 0.559375 0.0296875 0.0296875
53 0.496875 0.5640625 0.04375 0.0234375
29 0.6921875 0.47421875 0.0296875 0.0609375
22 0.9203125 0.4515625 0.03125 0.0578125
58 0.9203125 0.5453125 0.0515625 0.0234375
51 0.43828125 0.4609375 0.03125 0.059375
38 0.965625 0.45703125 0.0296875 0.05625
6 0.0796875 0.40625 0.0328125 0.0578125
15 0.12578125 0.41328125 0.034375 0.05625
46 0.48515625 0.69921875 0.0328125 0.0609375
50 0.35234375 0.45625 0.0296875 0.0578125