55 0.46953125 0.346875 0.028125 0.025
52 0.91875 0.55703125 0.046875 0.0234375
58 0.0828125 0.48515625 0.034375 0.025
58 0.475 0.80078125 0.0375 0.025
53 0.49453125 0.5640625 0.0328125 0.021875
58 0.51796875 0.31640625 0.0375 0.025
28 0.9296875 0.465625 0.03125 0.05625
57 0.5078125 0.4109375 0.1140625 0.0265625
27 0.4828125 0.4625 0.03125 0.059375
49 0.8828125 0.46640625 0.0296875 0.0546875
4 0.3984375 0.45625 0.03125 0.059375
8 0.31484375 0.44765625 0.03125 0.0578125
22 0.090625 0.3921875 0.0328125 0.05625
20 0.5671875 0.46953125 0.03125 0.0578125
46 0.04375 0.39296875 0.03125 0.0546875
46 0.04375 0.39140625 0.03125 0.0546875
29 0.65078125 0.47734375 0.0265625 0.05625