58 0.15703125 0.34453125 0.053125 0.028125
58 0.46484375 0.79921875 0.059375 0.034375
55 0.78671875 0.4234375 0.0328125 0.03125
57 0.5140625 0.41328125 0.1265625 0.0359375
56 0.75703125 0.84296875 0.3953125 0.128125
58 0.8671875 0.72421875 0.0546875 0.0328125
58 0.8703125 0.43203125 0.0546875 0.0296875
58 0.090625 0.62734375 0.0515625 0.025
58 0.52265625 0.31875 0.03125 0.0265625
53 0.49375 0.5625 0.046875 0.028125
54 0.90234375 0.36484375 0.090625 0.0890625
54 0.84921875 0.35859375 0.08125 0.0859375
28 0.31640625 0.44140625 0.034375 0.0609375
45 0.40078125 0.45 0.0328125 0.0609375
25 0.484375 0.46171875 0.034375 0.0625
39 0.43046875 0.69609375 0.0375 0.0625
38 0.48046875 0.69765625 0.0375 0.065625