58 0.83984375 0.33828125 0.05625 0.034375
58 0.128125 0.43828125 0.0546875 0.028125
54 0.1421875 0.365625 0.090625 0.0921875
54 0.0875 0.3734375 0.0796875 0.0875
54 0.85390625 0.265625 0.090625 0.0890625
55 0.21171875 0.4265625 0.0296875 0.0296875
54 0.80078125 0.2734375 0.08125 0.0859375
58 0.47421875 0.31875 0.03125 0.0265625
57 0.4890625 0.41328125 0.128125 0.0359375
58 0.5421875 0.7984375 0.0609375 0.0328125
58 0.91171875 0.6203125 0.0546875 0.028125
58 0.13828125 0.73046875 0.0515625 0.0296875
53 0.51015625 0.56328125 0.04375 0.025
10 0.475 0.465625 0.034375 0.059375
42 0.39140625 0.47890625 0.0359375 0.0609375
11 0.3078125 0.490625 0.0375 0.059375