49 0.81875 0.2890625 0.0296875 0.05625
18 0.52265625 0.465625 0.0296875 0.0578125
57 0.50625 0.4125 0.128125 0.0296875
50 0.69140625 0.47578125 0.0296875 0.0578125
53 0.5859375 0.5953125 0.04375 0.021875
53 0.4953125 0.5640625 0.0421875 0.021875
52 0.41328125 0.3109375 0.05 0.025
58 0.47890625 0.80234375 0.05625 0.0296875
55 0.63984375 0.359375 0.028125 0.028125
52 0.81328125 0.3828125 0.046875 0.0234375
53 0.4015625 0.58203125 0.03125 0.01875
22 0.43828125 0.459375 0.0296875 0.05625
58 0.91640625 0.55078125 0.05 0.025
58 0.07890625 0.4921875 0.05 0.025
51 0.865625 0.29375 0.034375 0.0609375
38 0.3546875 0.45390625 0.0296875 0.0578125
52 0.609375 0.32421875 0.046875 0.0234375
26 0.60703125 0.47109375 0.03125 0.05625
42 0.12734375 0.40625 0.0296875 0.05625
44 0.6140625 0.23203125 0.0296875 0.05625
27 0.41640625 0.2171875 0.03125 0.05625
44 0.6140625 0.23203125 0.0296875 0.05625
27 0.41796875 0.2171875 0.0296875 0.05625
29 0.4640625 0.225 0.028125 0.05625
40 0.659375 0.23671875 0.03125 0.05625
14 0.08046875 0.4015625 0.0296875 0.05625