0 0.3078125 0.490625 0.034375 0.059375
57 0.490625 0.41328125 0.128125 0.034375
58 0.5421875 0.7984375 0.06875 0.0359375
54 0.4328125 0.23828125 0.071875 0.059375
54 0.4859375 0.22890625 0.0796875 0.0578125
55 0.765625 0.35703125 0.0296875 0.028125
58 0.08828125 0.5796875 0.0609375 0.028125
58 0.21875 0.39453125 0.059375 0.0296875
21 0.475 0.4671875 0.034375 0.0609375
58 0.2421875 0.74296875 0.0515625 0.0265625
58 0.47421875 0.31875 0.0515625 0.0265625
58 0.75703125 0.31875 0.059375 0.0296875
58 0.91953125 0.46328125 0.0625 0.0296875
29 0.39140625 0.47890625 0.0328125 0.0625
53 0.50859375 0.56328125 0.0453125 0.0265625