55 0.475 0.34765625 0.03125 0.0328125
58 0.46328125 0.79921875 0.0296875 0.0296875
58 0.078125 0.471875 0.053125 0.028125
52 0.915625 0.575 0.0484375 0.0265625
58 0.521875 0.3203125 0.0265625 0.025
57 0.51328125 0.41484375 0.128125 0.0328125
53 0.49375 0.565625 0.046875 0.0234375
37 0.31640625 0.44296875 0.0296875 0.059375
10 0.4 0.453125 0.0328125 0.0609375
23 0.48359375 0.46484375 0.0328125 0.059375
11 0.56875 0.47578125 0.0375 0.059375
30 0.6515625 0.48359375 0.034375 0.0609375
43 0.88359375 0.48125 0.034375 0.05625
22 0.93046875 0.48359375 0.0359375 0.059375
31 0.04921875 0.378125 0.0359375 0.0609375
29 0.09453125 0.38125 0.034375 0.0625