0 0.559375 0.4578125 0.034375 0.0609375
57 0.4921875 0.4125 0.1265625 0.034375
53 0.5078125 0.56328125 0.0421875 0.0234375
55 0.45390625 0.65078125 0.0296875 0.0296875
9 0.3078125 0.4875 0.0296875 0.059375
12 0.47578125 0.4671875 0.034375 0.0625
58 0.53671875 0.79921875 0.0578125 0.0328125
52 0.47890625 0.3171875 0.0484375 0.028125
52 0.92109375 0.4703125 0.046875 0.021875
3 0.39140625 0.47734375 0.034375 0.0625
58 0.08671875 0.57265625 0.046875 0.0265625
8 0.07734375 0.4796875 0.034375 0.0609375
14 0.64296875 0.44609375 0.0328125 0.0578125
12 0.91171875 0.37734375 0.0328125 0.0609375
25 0.8671875 0.3875 0.0328125 0.0578125
4 0.91171875 0.37734375 0.0359375 0.0609375
8 0.07734375 0.4796875 0.034375 0.0609375
28 0.034375 0.48984375 0.034375 0.0578125
5 0.8671875 0.3859375 0.0328125 0.0578125