12 0.4359375 0.46171875 0.028125 0.0609375
57 0.503125 0.4125 0.1265625 0.021875
49 0.68984375 0.4703125 0.0265625 0.0578125
58 0.48984375 0.8015625 0.0546875 0.028125
37 0.60625 0.46796875 0.025 0.0578125
55 0.8328125 0.55390625 0.0296875 0.028125
38 0.521875 0.46484375 0.028125 0.05625
53 0.49765625 0.5640625 0.040625 0.0203125
52 0.5046875 0.315625 0.046875 0.0234375
52 0.91953125 0.53671875 0.046875 0.021875
36 0.96484375 0.44921875 0.0296875 0.0578125
52 0.07734375 0.50546875 0.0453125 0.0203125
8 0.3515625 0.46015625 0.0296875 0.059375
51 0.91796875 0.44296875 0.03125 0.0578125
1 0.078125 0.41328125 0.028125 0.05625
16 0.12421875 0.42265625 0.0265625 0.0546875