57 0.5078125 0.4125 0.1359375 0.034375
34 0.6078125 0.475 0.0328125 0.059375
33 0.5703125 0.234375 0.0296875 0.0546875
58 0.46796875 0.803125 0.06875 0.0328125
58 0.77890625 0.38515625 0.0609375 0.0296875
58 0.0796875 0.478125 0.0640625 0.028125
52 0.76640625 0.73359375 0.0484375 0.025
1 0.69296875 0.484375 0.03125 0.059375
58 0.23828125 0.3296875 0.05 0.0265625
58 0.5171875 0.31953125 0.0515625 0.028125
58 0.19140625 0.6734375 0.0609375 0.028125
58 0.9140625 0.5671875 0.059375 0.0296875
36 0.52265625 0.46640625 0.034375 0.0609375
55 0.7921875 0.42578125 0.03125 0.0296875
38 0.83046875 0.30078125 0.03125 0.05625
44 0.77265625 0.64140625 0.034375 0.0578125
53 0.49296875 0.5640625 0.0515625 0.025
45 0.81875 0.65 0.0328125 0.059375
5 0.52578125 0.225 0.034375 0.059375
7 0.52578125 0.225 0.034375 0.059375
17 0.35625 0.4484375 0.03125 0.0578125
27 0.43984375 0.4578125 0.034375 0.0609375
26 0.7859375 0.29453125 0.0296875 0.053125