54 0.35 0.2578125 0.071875 0.0796875
54 0.2453125 0.65546875 0.084375 0.084375
54 0.82421875 0.603125 0.084375 0.0828125
54 0.4046875 0.25234375 0.084375 0.084375
58 0.528125 0.8 0.0609375 0.034375
54 0.04609375 0.48984375 0.075 0.08125
54 0.1015625 0.484375 0.084375 0.0828125
54 0.76953125 0.6078125 0.075 0.0796875
54 0.9375 0.41171875 0.084375 0.084375
54 0.54453125 0.240625 0.071875 0.0796875
54 0.1921875 0.66015625 0.071875 0.078125
54 0.2 0.31484375 0.084375 0.084375
54 0.88359375 0.41640625 0.0734375 0.0828125
54 0.75703125 0.265625 0.075 0.08125
54 0.59921875 0.2359375 0.084375 0.084375
54 0.81171875 0.259375 0.084375 0.084375
54 0.1453125 0.31953125 0.0765625 0.084375
58 0.80703125 0.67734375 0.05 0.0265625
58 0.0828125 0.55546875 0.053125 0.0265625
58 0.2296875 0.72578125 0.0515625 0.0265625
53 0.50546875 0.5609375 0.046875 0.0265625
58 0.58203125 0.30625 0.053125 0.025
57 0.49375 0.4109375 0.1296875 0.0328125
58 0.3859375 0.3234375 0.053125 0.0265625
58 0.9203125 0.48359375 0.053125 0.0265625
58 0.79453125 0.33125 0.0515625 0.0265625
56 0.81484375 0.7796875 0.3703125 0.109375
25 0.521875 0.69921875 0.0296875 0.0625
58 0.18125 0.38671875 0.053125 0.028125
55 0.7921875 0.37578125 0.03125 0.0296875
53 0.81796875 0.4796875 0.04375 0.0234375
36 0.47265625 0.70625 0.0328125 0.0578125
53 0.3203125 0.61328125 0.0453125 0.021875
53 0.6984375 0.5796875 0.040625 0.0203125