2 0.2296875 0.6453125 0.0328125 0.0578125
42 0.0328125 0.48828125 0.03125 0.0546875
57 0.4890625 0.41328125 0.13125 0.0375
22 0.75 0.228125 0.0328125 0.0578125
52 0.08671875 0.57265625 0.046875 0.0234375
23 0.70546875 0.23671875 0.0328125 0.0578125
55 0.721875 0.6125 0.0296875 0.028125
53 0.509375 0.56484375 0.0421875 0.021875
52 0.23828125 0.73828125 0.0484375 0.0265625
58 0.75859375 0.3234375 0.05 0.028125
52 0.92109375 0.46875 0.0484375 0.028125
53 0.41953125 0.6015625 0.0328125 0.0203125
58 0.53671875 0.80078125 0.059375 0.0328125
53 0.60234375 0.57890625 0.0296875 0.0203125
58 0.81328125 0.66796875 0.05 0.028125
58 0.21875 0.38828125 0.0375 0.0265625
58 0.47734375 0.31875 0.0515625 0.028125
27 0.91171875 0.37734375 0.0375 0.059375
41 0.8671875 0.3859375 0.0328125 0.0578125
48 0.07890625 0.48125 0.0328125 0.059375
26 0.18203125 0.65546875 0.0328125 0.0578125
30 0.18203125 0.65546875 0.0328125 0.0578125
36 0.07890625 0.4796875 0.0328125 0.0578125