20 0.0828125 0.428125 0.028125 0.05625
0 0.65 0.465625 0.028125 0.059375
42 0.4796875 0.4640625 0.0265625 0.05625
57 0.5015625 0.4125 0.134375 0.01875
55 0.8328125 0.5421875 0.0296875 0.0265625
43 0.5640625 0.4640625 0.028125 0.05625
52 0.5015625 0.3171875 0.046875 0.021875
52 0.08125 0.5203125 0.0453125 0.01875
58 0.921875 0.5234375 0.0578125 0.021875
17 0.3109375 0.4640625 0.028125 0.05625
49 0.878125 0.43125 0.0296875 0.0546875
53 0.4984375 0.5640625 0.0453125 0.01875
52 0.5015625 0.8015625 0.0515625 0.0234375
41 0.3953125 0.4640625 0.0265625 0.0578125
48 0.4546875 0.7 0.0328125 0.05
28 0.0375 0.4328125 0.028125 0.0546875
24 0.5046875 0.6953125 0.03125 0.0546875
5 0.9234375 0.428125 0.0265625 0.0578125
48 0.4546875 0.7 0.0328125 0.05
24 0.5046875 0.696875 0.03125 0.0546875
5 0.9234375 0.428125 0.0265625 0.0578125