54 0.1578125 0.28828125 0.0734375 0.0796875
58 0.83984375 0.43203125 0.0375 0.025
58 0.1828125 0.36328125 0.0375 0.025
54 0.21328125 0.2953125 0.084375 0.0859375
58 0.4703125 0.8 0.0453125 0.0328125
6 0.43203125 0.6953125 0.034375 0.05625
55 0.196875 0.40703125 0.034375 0.0328125
57 0.509375 0.41328125 0.10625 0.028125
48 0.315625 0.44453125 0.0328125 0.059375
27 0.4 0.453125 0.03125 0.0578125
49 0.48359375 0.4625 0.0328125 0.0625
6 0.5671875 0.47578125 0.034375 0.059375
1 0.48359375 0.70078125 0.0328125 0.0625
6 0.43203125 0.7 0.0359375 0.059375