54 0.82734375 0.28515625 0.0796875 0.0796875
57 0.5 0.4140625 0.1265625 0.021875
58 0.50546875 0.803125 0.0578125 0.028125
54 0.76015625 0.6296875 0.065625 0.0765625
58 0.79453125 0.69921875 0.0515625 0.0234375
54 0.77265625 0.2859375 0.0703125 0.078125
58 0.4 0.3203125 0.0515625 0.0234375
58 0.08046875 0.52890625 0.0515625 0.0234375
58 0.80546875 0.35546875 0.053125 0.0265625
58 0.9203125 0.51328125 0.053125 0.025
58 0.18984375 0.36640625 0.0515625 0.0265625
58 0.5953125 0.315625 0.0515625 0.0234375
58 0.21484375 0.7078125 0.0234375 0.0234375
54 0.81640625 0.62890625 0.0828125 0.08125
55 0.84140625 0.53125 0.03125 0.028125
53 0.50234375 0.565625 0.0453125 0.021875
30 0.47890625 0.465625 0.0265625 0.0546875
15 0.39296875 0.4671875 0.028125 0.0546875
19 0.31015625 0.4703125 0.0296875 0.0578125