55 0.775 0.390625 0.0265625 0.0265625
52 0.109375 0.6796875 0.04375 0.0171875
54 0.884375 0.31875 0.08125 0.08125
54 0.8296875 0.31875 0.0703125 0.075
58 0.8609375 0.390625 0.059375 0.025
53 0.5015625 0.565625 0.040625 0.0171875
58 0.890625 0.6796875 0.059375 0.0203125
54 0.8578125 0.6078125 0.0625 0.06875
58 0.5015625 0.8046875 0.065625 0.0265625
54 0.9140625 0.6078125 0.08125 0.075
57 0.5015625 0.4140625 0.1265625 0.0171875
58 0.5 0.31875 0.0609375 0.021875
16 0.3109375 0.465625 0.028125 0.0546875
35 0.39375 0.4671875 0.028125 0.05625
36 0.4796875 0.4671875 0.025 0.0578125
53 0.7703125 0.59375 0.040625 0.0171875