57 0.48984375 0.41484375 0.128125 0.0375
53 0.50859375 0.56328125 0.04375 0.025
55 0.45625 0.6515625 0.03125 0.0296875
52 0.475 0.3203125 0.0515625 0.028125
22 0.56015625 0.45703125 0.034375 0.0578125
47 0.9109375 0.36953125 0.0390625 0.0609375
58 0.08671875 0.58046875 0.0546875 0.028125
58 0.54140625 0.796875 0.0296875 0.0296875
58 0.91953125 0.46484375 0.05 0.028125
10 0.475 0.4671875 0.0359375 0.059375
29 0.3078125 0.490625 0.034375 0.0625
18 0.39140625 0.48046875 0.0359375 0.0609375
3 0.4203125 0.23515625 0.0375 0.059375
2 0.46484375 0.22578125 0.0359375 0.0578125
25 0.64375 0.446875 0.03125 0.0609375
41 0.8640625 0.3828125 0.0296875 0.0546875