57 0.5046875 0.415625 0.125 0.025
55 0.55390625 0.64921875 0.028125 0.028125
18 0.52265625 0.4671875 0.0296875 0.0578125
27 0.69140625 0.47734375 0.0296875 0.0578125
53 0.4953125 0.5671875 0.04375 0.021875
19 0.60703125 0.47265625 0.03125 0.0609375
52 0.47890625 0.80390625 0.053125 0.0296875
58 0.07734375 0.4953125 0.05 0.0234375
49 0.43828125 0.4609375 0.0328125 0.059375
6 0.08125 0.4 0.0328125 0.0578125
33 0.53046875 0.70859375 0.034375 0.0625
58 0.9171875 0.55390625 0.0515625 0.0265625
14 0.48125 0.70078125 0.0328125 0.0625
25 0.3546875 0.45546875 0.03125 0.059375
9 0.12734375 0.40625 0.03125 0.05625
25 0.12734375 0.40625 0.03125 0.05625
5 0.12734375 0.40625 0.03125 0.05625