58 0.8484375 0.35625 0.0546875 0.03125
58 0.13203125 0.41953125 0.053125 0.0265625
54 0.14921875 0.346875 0.0859375 0.0875
54 0.0953125 0.3515625 0.075 0.084375
54 0.865625 0.284375 0.0875 0.084375
55 0.21640625 0.41171875 0.028125 0.028125
54 0.8125 0.2890625 0.078125 0.0828125
58 0.484375 0.31796875 0.0296875 0.0265625
57 0.49375 0.4125 0.128125 0.0296875
58 0.5265625 0.80078125 0.059375 0.0296875
58 0.9046875 0.6421875 0.053125 0.0265625
58 0.1265625 0.71171875 0.05 0.028125
53 0.50703125 0.5640625 0.04375 0.021875
10 0.4765625 0.4640625 0.03125 0.0578125
42 0.39296875 0.4734375 0.0328125 0.059375
11 0.30859375 0.48046875 0.034375 0.059375