57 0.5015625 0.4140625 0.1265625 0.0203125
54 0.7578125 0.6328125 0.0625 0.0734375
54 0.94375 0.4484375 0.078125 0.0765625
54 0.8875 0.45 0.065625 0.075
54 0.8140625 0.6328125 0.078125 0.0765625
55 0.6296875 0.35 0.0265625 0.025
58 0.2109375 0.703125 0.034375 0.021875
58 0.9203125 0.521875 0.046875 0.021875
58 0.1953125 0.3609375 0.0453125 0.021875
58 0.0796875 0.5203125 0.0453125 0.021875
58 0.790625 0.703125 0.0453125 0.021875
42 0.5640625 0.4625 0.0265625 0.0546875
58 0.403125 0.3171875 0.046875 0.021875
28 0.3109375 0.4640625 0.028125 0.0578125
58 0.6 0.315625 0.034375 0.021875
58 0.5 0.8015625 0.053125 0.0265625
33 0.4796875 0.4640625 0.0265625 0.0578125
53 0.5015625 0.5640625 0.040625 0.01875
29 0.3953125 0.4640625 0.025 0.0578125