55 0.45859375 0.34921875 0.0265625 0.0234375
52 0.92109375 0.52734375 0.0453125 0.021875
58 0.0828125 0.51484375 0.0328125 0.021875
58 0.49609375 0.8015625 0.0359375 0.021875
53 0.49921875 0.5640625 0.03125 0.01875
58 0.5046875 0.315625 0.0359375 0.021875
28 0.9265625 0.4359375 0.028125 0.0546875
57 0.5015625 0.4109375 0.1125 0.01875
27 0.48046875 0.4640625 0.028125 0.0578125
49 0.87890625 0.4390625 0.0265625 0.053125
4 0.39609375 0.4640625 0.028125 0.0578125
8 0.31171875 0.4609375 0.028125 0.05625
22 0.084375 0.42109375 0.0296875 0.0546875
20 0.56484375 0.46484375 0.028125 0.05625
46 0.0375 0.425 0.028125 0.053125
46 0.0375 0.4234375 0.028125 0.053125
29 0.64921875 0.46640625 0.0234375 0.0546875