57 0.5078125 0.4125 0.1296875 0.0328125
54 0.9546875 0.49765625 0.0765625 0.08125
54 0.8984375 0.49140625 0.0859375 0.0859375
53 0.49375 0.5625 0.0453125 0.025
54 0.065625 0.40234375 0.0859375 0.0828125
39 0.6921875 0.48125 0.0328125 0.0625
58 0.46875 0.7984375 0.0625 0.0328125
55 0.54921875 0.6484375 0.0328125 0.03125
54 0.11875 0.4078125 0.0734375 0.078125
58 0.6171875 0.3265625 0.0515625 0.028125
58 0.20859375 0.3265625 0.0515625 0.028125
58 0.0796875 0.475 0.053125 0.0265625
58 0.9171875 0.5640625 0.0484375 0.0265625
58 0.82109375 0.3921875 0.053125 0.028125
53 0.18203125 0.47421875 0.04375 0.025
58 0.42109375 0.30625 0.053125 0.028125
42 0.6078125 0.471875 0.0328125 0.059375
43 0.52421875 0.46484375 0.0328125 0.0578125