9 0.515625 0.46328125 0.0296875 0.0609375
57 0.48828125 0.41484375 0.1265625 0.034375
12 0.43203125 0.4734375 0.034375 0.0625
43 0.3484375 0.48203125 0.034375 0.0609375
31 0.26875 0.64453125 0.034375 0.0609375
58 0.5359375 0.80234375 0.0640625 0.034375
35 0.11640625 0.4796875 0.0359375 0.0578125
55 0.1671875 0.57265625 0.03125 0.0296875
58 0.91796875 0.4703125 0.0609375 0.0296875
58 0.74609375 0.3265625 0.0515625 0.0296875
58 0.81171875 0.66796875 0.053125 0.0296875
58 0.4765625 0.3203125 0.053125 0.0296875
58 0.23828125 0.73828125 0.059375 0.028125
58 0.2046875 0.39296875 0.0578125 0.028125
58 0.08359375 0.5734375 0.0578125 0.028125
15 0.59921875 0.4515625 0.034375 0.0625
25 0.68359375 0.44140625 0.03125 0.0609375
21 0.22265625 0.64921875 0.03125 0.0546875
25 0.68359375 0.44140625 0.03125 0.0609375
53 0.5078125 0.56328125 0.04375 0.025
45 0.06953125 0.48359375 0.0296875 0.0546875