38 0.44921875 0.71328125 0.0296875 0.053125
54 0.1125 0.31015625 0.0703125 0.078125
3 0.39609375 0.4625 0.028125 0.05625
54 0.8328125 0.32265625 0.0703125 0.0765625
54 0.16875 0.31171875 0.0796875 0.0828125
57 0.503125 0.4140625 0.125 0.01875
54 0.8859375 0.32421875 0.0828125 0.0796875
58 0.49453125 0.8 0.053125 0.028125
53 0.49921875 0.5625 0.0421875 0.01875
58 0.5046875 0.3171875 0.053125 0.025
53 0.7375 0.41796875 0.04375 0.021875
53 0.265625 0.40859375 0.0453125 0.021875
55 0.7765625 0.39375 0.0265625 0.0265625
58 0.8875 0.68359375 0.053125 0.025
58 0.8609375 0.39375 0.0515625 0.021875
58 0.14453125 0.38125 0.0515625 0.025
58 0.1078125 0.66953125 0.0484375 0.021875
24 0.31171875 0.4609375 0.028125 0.0578125
5 0.50078125 0.7140625 0.025 0.0578125
5 0.48046875 0.4625 0.028125 0.0578125
28 0.31171875 0.4609375 0.028125 0.0578125
6 0.48046875 0.4640625 0.028125 0.0578125