52 0.5046875 0.3171875 0.05 0.0234375
55 0.55859375 0.64765625 0.0296875 0.0296875
58 0.07890625 0.51015625 0.0484375 0.0234375
58 0.4890625 0.8046875 0.028125 0.0265625
58 0.91953125 0.53828125 0.0515625 0.0234375
57 0.5 0.4140625 0.1296875 0.0234375
53 0.49609375 0.5671875 0.0453125 0.021875
22 0.4375 0.46171875 0.028125 0.0578125
10 0.521875 0.46484375 0.028125 0.05625
18 0.60625 0.46796875 0.028125 0.059375
3 0.5515625 0.2296875 0.0296875 0.05625
47 0.078125 0.41328125 0.028125 0.05625
41 0.12421875 0.41796875 0.0265625 0.05625
2 0.5046875 0.2265625 0.0265625 0.0546875
29 0.69140625 0.47265625 0.028125 0.0609375