49 0.51953125 0.69921875 0.0375 0.0671875
12 0.68359375 0.44140625 0.034375 0.0625
57 0.48828125 0.41484375 0.125 0.034375
55 0.58125 0.63515625 0.0296875 0.0296875
52 0.91796875 0.4703125 0.0484375 0.0265625
36 0.94921875 0.37734375 0.034375 0.0578125
53 0.5078125 0.56328125 0.04375 0.025
52 0.53515625 0.80078125 0.0578125 0.03125
58 0.084375 0.575 0.05 0.028125
17 0.59921875 0.4515625 0.0296875 0.059375
23 0.07109375 0.48046875 0.0359375 0.0578125
37 0.56953125 0.69609375 0.034375 0.0625
21 0.90546875 0.3796875 0.0328125 0.059375
1 0.43203125 0.471875 0.03125 0.059375
15 0.3484375 0.48203125 0.0328125 0.059375
42 0.11640625 0.478125 0.0328125 0.0578125
4 0.5140625 0.46171875 0.034375 0.0625