20 0.5046875 0.225 0.0296875 0.05625
57 0.5015625 0.4140625 0.125 0.01875
55 0.4359375 0.6453125 0.028125 0.028125
42 0.4796875 0.4640625 0.0265625 0.05625
52 0.5015625 0.31875 0.046875 0.0203125
52 0.5015625 0.803125 0.0546875 0.025
53 0.5 0.5640625 0.0421875 0.021875
58 0.921875 0.5234375 0.059375 0.021875
37 0.5640625 0.4640625 0.0265625 0.0578125
58 0.0796875 0.5234375 0.0515625 0.0234375
24 0.459375 0.228125 0.0296875 0.0578125
0 0.9234375 0.4296875 0.0296875 0.059375
51 0.65 0.4640625 0.0265625 0.05625
51 0.65 0.4640625 0.028125 0.05625
7 0.5046875 0.7 0.0296875 0.0609375
23 0.453125 0.7046875 0.03125 0.0609375
26 0.3109375 0.4640625 0.0296875 0.0578125
24 0.4578125 0.2296875 0.0296875 0.05625
1 0.39375 0.465625 0.0234375 0.053125
11 0.878125 0.434375 0.0265625 0.0515625