57 0.5015625 0.4125 0.134375 0.0203125
34 0.3953125 0.4640625 0.0265625 0.05625
33 0.4578125 0.228125 0.025 0.053125
58 0.5 0.8046875 0.065625 0.0265625
58 0.234375 0.35625 0.059375 0.0234375
58 0.9203125 0.521875 0.0625 0.021875
52 0.2109375 0.7046875 0.046875 0.0203125
1 0.309375 0.4640625 0.025 0.0578125
58 0.778125 0.3578125 0.0484375 0.021875
58 0.5015625 0.31875 0.05 0.0234375
58 0.7890625 0.7046875 0.059375 0.021875
58 0.08125 0.5234375 0.0578125 0.0234375
36 0.48125 0.4640625 0.028125 0.0578125
55 0.2171875 0.3953125 0.028125 0.0265625
38 0.1921875 0.2671875 0.025 0.0546875
44 0.2140625 0.6125 0.028125 0.0546875
53 0.5 0.5640625 0.05 0.0203125
45 0.1671875 0.615625 0.0265625 0.05625
5 0.503125 0.2234375 0.028125 0.05625
7 0.503125 0.2234375 0.028125 0.05625
17 0.6484375 0.4640625 0.025 0.05625
27 0.5640625 0.4640625 0.028125 0.0578125
26 0.2375 0.265625 0.025 0.0515625