52 0.921875 0.521875 0.046875 0.021875
55 0.45625 0.3515625 0.0265625 0.025
58 0.0828125 0.5234375 0.0328125 0.0203125
58 0.5015625 0.8046875 0.0359375 0.0234375
57 0.5015625 0.4140625 0.1125 0.015625
58 0.5015625 0.31875 0.0359375 0.021875
8 0.3109375 0.4671875 0.028125 0.05625
4 0.39375 0.4671875 0.025 0.0578125
27 0.4796875 0.4671875 0.0265625 0.0578125
46 0.0359375 0.4359375 0.028125 0.05625
22 0.084375 0.43125 0.028125 0.0546875
49 0.878125 0.434375 0.025 0.0515625
28 0.925 0.4328125 0.028125 0.0578125
53 0.5 0.5671875 0.03125 0.01875