3 0.68203125 0.4328125 0.034375 0.059375
54 0.1734375 0.33359375 0.0890625 0.0890625
54 0.93125 0.5375 0.075 0.0828125
54 0.1078125 0.66953125 0.0890625 0.0890625
54 0.16328125 0.6625 0.075 0.0828125
57 0.4859375 0.41328125 0.1140625 0.034375
32 0.59765625 0.4484375 0.040625 0.0625
54 0.87734375 0.54609375 0.0890625 0.0890625
54 0.22734375 0.325 0.078125 0.08125
58 0.91171875 0.61328125 0.0375 0.0265625
55 0.1953125 0.4453125 0.0296875 0.0296875
53 0.51015625 0.56171875 0.034375 0.025
58 0.1421875 0.73515625 0.0484375 0.028125
58 0.5453125 0.7984375 0.040625 0.0328125
58 0.20703125 0.39921875 0.0359375 0.0265625
58 0.74609375 0.3140625 0.0375 0.0265625
56 0.25078125 0.84609375 0.39375 0.134375
49 0.5265625 0.696875 0.0375 0.0625
50 0.5265625 0.696875 0.0390625 0.0640625
24 0.5140625 0.4609375 0.0375 0.0640625
40 0.5765625 0.6921875 0.0390625 0.0640625