58 0.13359375 0.4125 0.0546875 0.0296875
58 0.85078125 0.3625 0.053125 0.025
54 0.82265625 0.29453125 0.0859375 0.0859375
54 0.8765625 0.290625 0.0734375 0.0828125
54 0.10546875 0.34453125 0.0859375 0.084375
55 0.76640625 0.36875 0.028125 0.028125
54 0.15859375 0.340625 0.0765625 0.08125
58 0.4875 0.31796875 0.0296875 0.025
57 0.4921875 0.4125 0.128125 0.028125
58 0.52109375 0.80078125 0.059375 0.0296875
58 0.12265625 0.703125 0.053125 0.025
58 0.90234375 0.65078125 0.05 0.0265625
53 0.503125 0.5640625 0.04375 0.021875
10 0.51796875 0.4609375 0.0296875 0.0578125
42 0.6015625 0.45703125 0.0328125 0.059375
11 0.6859375 0.45078125 0.0328125 0.0578125