35 0.56328125 0.46015625 0.0296875 0.0578125
57 0.5 0.409375 0.128125 0.01875
44 0.31015625 0.465625 0.028125 0.05625
36 0.64921875 0.46015625 0.028125 0.059375
58 0.50546875 0.8015625 0.0578125 0.0296875
12 0.47890625 0.4625 0.028125 0.0578125
53 0.50078125 0.5609375 0.0421875 0.01875
58 0.89375 0.67109375 0.0515625 0.0234375
58 0.140625 0.3921875 0.0515625 0.021875
58 0.1140625 0.68515625 0.0484375 0.021875
33 0.81328125 0.29140625 0.025 0.053125
58 0.4984375 0.3140625 0.0515625 0.0234375
58 0.85703125 0.378125 0.0515625 0.0265625
55 0.2234375 0.39375 0.0265625 0.028125
58 0.140625 0.39375 0.0515625 0.025
19 0.39453125 0.4640625 0.028125 0.05625
47 0.85 0.58125 0.0296875 0.05625
39 0.896875 0.57578125 0.03125 0.05625
25 0.85859375 0.2859375 0.025 0.0546875