57 0.5125 0.41328125 0.1359375 0.040625
34 0.609375 0.48125 0.034375 0.059375
33 0.584375 0.23828125 0.0328125 0.05625
58 0.45234375 0.80078125 0.06875 0.0359375
58 0.78515625 0.39921875 0.0625 0.0328125
58 0.08125 0.45546875 0.065625 0.03125
52 0.753125 0.74765625 0.05 0.028125
1 0.69375 0.49453125 0.034375 0.0609375
58 0.24765625 0.31640625 0.0515625 0.0296875
58 0.5265625 0.32109375 0.053125 0.03125
58 0.1828125 0.65703125 0.0625 0.03125
58 0.91015625 0.58828125 0.0609375 0.0328125
36 0.52421875 0.4671875 0.0375 0.0609375
55 0.79609375 0.440625 0.03125 0.03125
38 0.840625 0.31796875 0.0328125 0.0578125
44 0.76484375 0.65546875 0.0359375 0.0578125
53 0.48984375 0.56328125 0.053125 0.028125
45 0.8109375 0.66640625 0.034375 0.059375
5 0.53984375 0.2265625 0.0359375 0.059375
7 0.53984375 0.2265625 0.0359375 0.059375
17 0.359375 0.44140625 0.0328125 0.059375
27 0.4421875 0.4546875 0.0375 0.0609375
26 0.79609375 0.309375 0.0328125 0.0546875