54 0.2296875 0.625 0.0828125 0.08125
55 0.8375 0.54453125 0.03125 0.028125
54 0.175 0.625 0.0703125 0.075
58 0.490625 0.803125 0.0421875 0.025
58 0.92109375 0.53828125 0.0484375 0.0234375
58 0.20390625 0.69609375 0.0375 0.021875
57 0.503125 0.4140625 0.1140625 0.0234375
58 0.5078125 0.3171875 0.0359375 0.0234375
58 0.7828125 0.36640625 0.0359375 0.0234375
58 0.78359375 0.71484375 0.0359375 0.021875
37 0.3109375 0.459375 0.028125 0.059375
16 0.396875 0.46171875 0.028125 0.05625
32 0.48125 0.46484375 0.028125 0.059375
29 0.56484375 0.46953125 0.0296875 0.0609375