57 0.4953125 0.4125 0.1265625 0.0234375
39 0.6875 0.4578125 0.0296875 0.059375
22 0.9140625 0.41328125 0.0296875 0.05625
55 0.1671875 0.55390625 0.0296875 0.0296875
53 0.50234375 0.5640625 0.040625 0.0234375
52 0.50859375 0.8015625 0.05625 0.028125
58 0.07890625 0.53828125 0.059375 0.0234375
52 0.91953125 0.50546875 0.0453125 0.021875
36 0.51875 0.46328125 0.0296875 0.0578125
17 0.603125 0.45859375 0.0265625 0.05625
50 0.9609375 0.41328125 0.0296875 0.0546875
45 0.55390625 0.7015625 0.03125 0.0609375
5 0.434375 0.46484375 0.028125 0.059375
1 0.50234375 0.7 0.0296875 0.0640625