26 0.078125 0.49375 0.034375 0.0578125
12 0.47421875 0.46796875 0.0375 0.0625
57 0.4875 0.41328125 0.1375 0.0375
55 0.17578125 0.5921875 0.03125 0.03125
52 0.5484375 0.79765625 0.0578125 0.0328125
18 0.90859375 0.3625 0.0359375 0.0578125
52 0.08984375 0.5859375 0.0484375 0.025
53 0.4234375 0.60390625 0.04375 0.0265625
47 0.0328125 0.50625 0.0375 0.0609375
58 0.9203125 0.45703125 0.0609375 0.03125
53 0.51015625 0.56328125 0.0453125 0.025
35 0.39140625 0.4828125 0.040625 0.0625
11 0.39140625 0.4828125 0.040625 0.0625
46 0.48515625 0.7078125 0.0390625 0.0640625
55 0.38359375 0.58515625 0.025 0.0234375
55 0.40703125 0.58125 0.025 0.028125
10 0.5359375 0.696875 0.0390625 0.0640625
7 0.309375 0.4953125 0.0359375 0.0578125
17 0.86328125 0.37578125 0.034375 0.0578125