57 0.5015625 0.4125 0.128125 0.0171875
52 0.5015625 0.8015625 0.053125 0.025
54 0.103125 0.4515625 0.078125 0.078125
53 0.1859375 0.5078125 0.03125 0.0203125
54 0.05 0.4515625 0.06875 0.0734375
52 0.5015625 0.3171875 0.0484375 0.0203125
53 0.503125 0.6265625 0.040625 0.0171875
55 0.834375 0.540625 0.0296875 0.028125
58 0.9234375 0.521875 0.05625 0.021875
58 0.08125 0.5234375 0.0484375 0.0234375
55 0.5265625 0.5890625 0.0265625 0.034375
13 0.453125 0.703125 0.0296875 0.05625
7 0.503125 0.7015625 0.028125 0.0609375