54 0.51796875 0.24375 0.0703125 0.0765625
54 0.10703125 0.4703125 0.0703125 0.0765625
55 0.5359375 0.34765625 0.028125 0.028125
54 0.0546875 0.475 0.084375 0.0859375
57 0.4953125 0.4125 0.115625 0.0234375
54 0.46328125 0.2484375 0.0859375 0.0859375
53 0.503125 0.6265625 0.03125 0.0203125
58 0.515625 0.80234375 0.05625 0.0296875
58 0.08125 0.5453125 0.0515625 0.0234375
53 0.18671875 0.52421875 0.0328125 0.0234375
58 0.490625 0.31875 0.053125 0.0296875
58 0.92109375 0.5015625 0.0515625 0.0265625
18 0.55703125 0.69921875 0.0328125 0.059375
16 0.50546875 0.7 0.034375 0.0640625