55 0.77890625 0.38203125 0.028125 0.028125
58 0.08125 0.546875 0.0515625 0.021875
58 0.515625 0.80390625 0.05625 0.028125
58 0.92109375 0.503125 0.0515625 0.025
33 0.44375 0.23046875 0.0296875 0.0546875
47 0.4890625 0.225 0.0296875 0.05625
57 0.496875 0.4125 0.1265625 0.025
58 0.771875 0.3453125 0.05 0.0234375
58 0.490625 0.315625 0.05 0.025
58 0.8 0.69375 0.046875 0.0234375
53 0.503125 0.5640625 0.04375 0.0203125
32 0.39375 0.47109375 0.0296875 0.05625
27 0.64609375 0.45625 0.0296875 0.059375
35 0.18046875 0.28515625 0.03125 0.05625
15 0.22578125 0.2796875 0.03125 0.0578125
2 0.3078125 0.47578125 0.03125 0.0578125
41 0.478125 0.46796875 0.03125 0.059375
4 0.5640625 0.465625 0.03125 0.0609375
52 0.22890625 0.371875 0.046875 0.021875