54 0.14140625 0.634375 0.0828125 0.0828125
54 0.08671875 0.63984375 0.0703125 0.0828125
55 0.44765625 0.64921875 0.028125 0.028125
58 0.12265625 0.70625 0.0515625 0.025
58 0.52265625 0.80234375 0.0578125 0.0296875
57 0.4953125 0.4140625 0.1265625 0.028125
58 0.13359375 0.415625 0.053125 0.025
53 0.5046875 0.5640625 0.0453125 0.025
58 0.4890625 0.31875 0.028125 0.021875
58 0.90234375 0.65078125 0.0265625 0.0234375
58 0.85078125 0.3640625 0.053125 0.025
54 0.15234375 0.34296875 0.0859375 0.084375
54 0.09921875 0.34609375 0.075 0.0828125
27 0.3078125 0.48046875 0.0265625 0.05625
11 0.39296875 0.47265625 0.028125 0.0578125
18 0.47734375 0.46875 0.028125 0.05625
0 0.56328125 0.4625 0.0265625 0.0546875
45 0.646875 0.45546875 0.025 0.053125
51 0.46875 0.7203125 0.034375 0.053125
16 0.51953125 0.71640625 0.03125 0.0578125