32 0.68671875 0.45703125 0.03125 0.059375
29 0.6046875 0.46171875 0.028125 0.059375
30 0.5203125 0.46484375 0.028125 0.053125
4 0.434375 0.4703125 0.03125 0.0578125
2 0.35 0.475 0.0296875 0.05625
24 0.25390625 0.28125 0.03125 0.0546875
0 0.20703125 0.28046875 0.0328125 0.0546875
19 0.11875 0.45546875 0.03125 0.053125
17 0.075 0.453125 0.025 0.0546875
47 0.2578125 0.6296875 0.03125 0.0578125
11 0.2140625 0.63046875 0.0296875 0.0578125
21 0.83984375 0.59921875 0.028125 0.0546875
22 0.78984375 0.59921875 0.03125 0.053125
55 0.5703125 0.64375 0.0265625 0.0234375
57 0.49375 0.4171875 0.128125 0.0265625
58 0.75625 0.34609375 0.053125 0.0234375
58 0.51796875 0.80546875 0.0640625 0.028125
58 0.0796875 0.546875 0.0390625 0.0265625
53 0.5984375 0.5875 0.0296875 0.021875
53 0.50390625 0.5671875 0.04375 0.01875
53 0.4109375 0.596875 0.03125 0.0171875
52 0.79921875 0.690625 0.046875 0.021875
52 0.2203125 0.72265625 0.05 0.021875
52 0.21484375 0.37421875 0.05 0.021875