3 0.48515625 0.46015625 0.0359375 0.059375
54 0.1234375 0.5515625 0.0859375 0.084375
54 0.06796875 0.54375 0.075 0.08125
53 0.49296875 0.56171875 0.046875 0.0265625
42 0.4015625 0.4484375 0.034375 0.0609375
57 0.5140625 0.41328125 0.13125 0.0359375
58 0.52578125 0.31875 0.0546875 0.0296875
58 0.090625 0.61796875 0.05 0.0265625
58 0.8625 0.72890625 0.0546875 0.0296875
58 0.4578125 0.7984375 0.0609375 0.034375
55 0.24296875 0.35 0.0296875 0.0296875
58 0.16171875 0.3375 0.053125 0.028125
25 0.31796875 0.43671875 0.03125 0.059375