57 0.5015625 0.4125 0.128125 0.0234375
52 0.4875 0.803125 0.0546875 0.028125
54 0.9515625 0.465625 0.071875 0.0765625
55 0.5578125 0.64609375 0.03125 0.0296875
54 0.05859375 0.4359375 0.0828125 0.084375
52 0.5046875 0.3171875 0.0484375 0.021875
54 0.8984375 0.465625 0.08125 0.0796875
54 0.1109375 0.43984375 0.0703125 0.078125
53 0.1859375 0.496875 0.03125 0.021875
53 0.4921875 0.6265625 0.0421875 0.021875
58 0.07890625 0.50859375 0.059375 0.021875
34 0.53984375 0.7046875 0.0328125 0.0609375
53 0.81328125 0.51875 0.03125 0.0234375
58 0.91796875 0.53671875 0.0515625 0.025
13 0.48828125 0.7 0.0328125 0.0640625