54 0.7984375 0.3125 0.0828125 0.0828125
55 0.80703125 0.42421875 0.0328125 0.0328125
58 0.5140625 0.803125 0.0390625 0.028125
57 0.49375 0.4140625 0.1078125 0.025
58 0.1640625 0.4140625 0.0375 0.0234375
58 0.82421875 0.38125 0.0375 0.0234375
54 0.853125 0.309375 0.0703125 0.0765625
54 0.19296875 0.340625 0.071875 0.071875
54 0.13671875 0.34375 0.0828125 0.078125
53 0.503125 0.565625 0.025 0.021875
41 0.68828125 0.45703125 0.0265625 0.0578125
27 0.603125 0.46015625 0.028125 0.05625
45 0.51875 0.46640625 0.028125 0.0578125
25 0.5578125 0.703125 0.0296875 0.0578125
21 0.50625 0.7015625 0.028125 0.0609375