54 0.896875 0.465625 0.08125 0.0796875
54 0.9515625 0.46875 0.071875 0.0765625
54 0.7625 0.64375 0.0828125 0.08125
54 0.815625 0.6484375 0.0703125 0.078125
58 0.07734375 0.50859375 0.05 0.0234375
58 0.4890625 0.8046875 0.05625 0.0296875
57 0.5015625 0.415625 0.121875 0.0234375
58 0.78203125 0.71640625 0.05 0.021875
58 0.20234375 0.69453125 0.0515625 0.0265625
58 0.76875 0.365625 0.05 0.0234375
58 0.22578125 0.3484375 0.0484375 0.0234375
52 0.91796875 0.53828125 0.046875 0.0203125
55 0.2890625 0.63359375 0.028125 0.028125
53 0.49765625 0.5640625 0.040625 0.0234375
56 0.1921875 0.79765625 0.384375 0.0953125
33 0.68984375 0.4734375 0.0265625 0.0578125
11 0.60546875 0.47109375 0.028125 0.0578125
45 0.52109375 0.46796875 0.025 0.0578125