54 0.41328125 0.228125 0.0765625 0.084375
54 0.215625 0.5890625 0.0890625 0.0890625
54 0.78984375 0.67890625 0.0890625 0.0875
54 0.4671875 0.23671875 0.0890625 0.0890625
58 0.4546875 0.7984375 0.0625 0.0390625
54 0.06171875 0.3796875 0.0796875 0.084375
54 0.1171875 0.3890625 0.0890625 0.0875
54 0.7359375 0.6703125 0.0796875 0.0828125
54 0.94609375 0.5203125 0.0890625 0.0890625
54 0.60625 0.25859375 0.0765625 0.084375
54 0.1625 0.58125 0.0765625 0.0828125
54 0.25390625 0.24765625 0.0890625 0.0890625
54 0.8921875 0.51171875 0.078125 0.0859375
54 0.80625 0.33515625 0.0796875 0.084375
54 0.66015625 0.2671875 0.0890625 0.0890625
54 0.86015625 0.3421875 0.0890625 0.0890625
54 0.2 0.2390625 0.08125 0.0875
58 0.75546875 0.74609375 0.0515625 0.0296875
58 0.08203125 0.453125 0.0546875 0.0296875
58 0.1828125 0.65390625 0.053125 0.0296875
53 0.490625 0.56015625 0.0484375 0.0296875
58 0.6265625 0.33203125 0.0546875 0.028125
57 0.515625 0.4125 0.1296875 0.0421875
58 0.43203125 0.30078125 0.0546875 0.0296875
58 0.91171875 0.5859375 0.0546875 0.0296875
58 0.8265625 0.4078125 0.053125 0.0296875
56 0.746875 0.85078125 0.3921875 0.1359375
25 0.4734375 0.6984375 0.034375 0.0640625
58 0.21796875 0.31328125 0.0546875 0.03125
55 0.81328125 0.45 0.0328125 0.03125
53 0.81328125 0.5578125 0.0453125 0.0265625
36 0.4234375 0.69375 0.0359375 0.059375
53 0.2984375 0.56640625 0.046875 0.025
53 0.6734375 0.62578125 0.040625 0.0234375