30 0.48046875 0.69921875 0.0359375 0.0640625
57 0.5125 0.41328125 0.125 0.0328125
48 0.484375 0.46171875 0.034375 0.0625
22 0.53671875 0.22421875 0.0328125 0.059375
52 0.46484375 0.80078125 0.05625 0.0328125
23 0.49140625 0.2234375 0.034375 0.0578125
55 0.4203125 0.63515625 0.03125 0.0328125
52 0.52421875 0.31875 0.05 0.028125
4 0.40078125 0.4515625 0.034375 0.0609375
51 0.42890625 0.69609375 0.0390625 0.065625
38 0.3171875 0.43984375 0.0328125 0.0609375
53 0.4921875 0.56328125 0.0453125 0.025
58 0.91640625 0.5734375 0.0515625 0.028125
14 0.56953125 0.47109375 0.0328125 0.059375
58 0.0796875 0.471875 0.053125 0.0296875
27 0.93046875 0.48046875 0.0375 0.0625
46 0.88359375 0.48125 0.0328125 0.0546875