23 0.48359375 0.4625 0.0359375 0.059375
42 0.4 0.4515625 0.0328125 0.0609375
52 0.4703125 0.8 0.0546875 0.03125
38 0.48203125 0.69765625 0.0359375 0.0625
57 0.5109375 0.41328125 0.1265625 0.0296875
55 0.16328125 0.50546875 0.03125 0.0296875
52 0.5203125 0.31796875 0.05 0.025
52 0.0796875 0.4765625 0.0484375 0.025
58 0.9171875 0.5671875 0.0609375 0.0265625
53 0.49453125 0.5640625 0.0453125 0.025
45 0.43203125 0.6953125 0.0359375 0.0625
11 0.6515625 0.4796875 0.0359375 0.059375
36 0.0484375 0.38359375 0.0328125 0.0578125
37 0.93046875 0.47265625 0.0328125 0.059375
35 0.8828125 0.47265625 0.0359375 0.0578125
17 0.315625 0.44296875 0.0328125 0.0609375
25 0.315625 0.44453125 0.0328125 0.059375
24 0.56875 0.47109375 0.034375 0.0625
36 0.046875 0.38359375 0.034375 0.059375
15 0.09453125 0.38359375 0.034375 0.059375
16 0.56875 0.47109375 0.034375 0.0625