54 0.49296875 0.24609375 0.084375 0.0828125
54 0.546875 0.25078125 0.0734375 0.0796875
52 0.87734375 0.70625 0.046875 0.0203125
55 0.215625 0.60546875 0.0328125 0.0296875
54 0.13515625 0.584375 0.0671875 0.0765625
53 0.4921875 0.565625 0.040625 0.0234375
58 0.09609375 0.6515625 0.0625 0.025
58 0.5125 0.31953125 0.0640625 0.028125
54 0.0796875 0.57890625 0.0859375 0.08125
57 0.5046875 0.4140625 0.128125 0.028125
58 0.47734375 0.80390625 0.06875 0.03125
58 0.14921875 0.3640625 0.0609375 0.0265625
58 0.86640625 0.4140625 0.0703125 0.0265625
50 0.690625 0.48046875 0.03125 0.0546875
32 0.60703125 0.47265625 0.028125 0.05625
36 0.52265625 0.46875 0.028125 0.0578125
40 0.43828125 0.4609375 0.028125 0.05625