2 0.653125 0.4828125 0.034375 0.059375
57 0.5125 0.41328125 0.1359375 0.034375
33 0.22265625 0.23125 0.03125 0.05625
58 0.46328125 0.80078125 0.06875 0.034375
36 0.31796875 0.44140625 0.034375 0.0609375
58 0.25390625 0.325 0.0515625 0.0296875
55 0.2796875 0.61328125 0.0296875 0.028125
58 0.08203125 0.4703125 0.0578125 0.028125
58 0.5234375 0.3203125 0.0515625 0.028125
58 0.91484375 0.57265625 0.0625 0.028125
58 0.79375 0.39296875 0.0578125 0.028125
58 0.76328125 0.73828125 0.0609375 0.0296875
58 0.18828125 0.66796875 0.053125 0.028125
37 0.56796875 0.471875 0.03125 0.059375
29 0.40078125 0.4515625 0.03125 0.0609375
8 0.09609375 0.38125 0.034375 0.05625
48 0.05078125 0.37734375 0.034375 0.05625
24 0.26953125 0.2359375 0.0328125 0.059375
44 0.05078125 0.37734375 0.034375 0.0546875
27 0.484375 0.46171875 0.0328125 0.0609375