0 0.6875 0.459375 0.0296875 0.0609375
33 0.11953125 0.44609375 0.028125 0.05625
57 0.4953125 0.4140625 0.1234375 0.0234375
52 0.07890625 0.53828125 0.046875 0.0203125
49 0.603125 0.46171875 0.028125 0.0578125
53 0.50234375 0.565625 0.0421875 0.0234375
55 0.1671875 0.55390625 0.028125 0.025
52 0.91953125 0.50703125 0.0453125 0.021875
52 0.4921875 0.3171875 0.0484375 0.021875
58 0.5109375 0.8046875 0.0578125 0.0265625
47 0.55390625 0.7046875 0.0328125 0.0640625
44 0.50234375 0.7015625 0.0296875 0.0625
24 0.51875 0.46484375 0.0296875 0.0609375
9 0.91484375 0.41484375 0.028125 0.0578125
25 0.07265625 0.44453125 0.028125 0.0578125
15 0.96015625 0.41640625 0.0328125 0.0578125