42 0.6515625 0.4734375 0.0296875 0.0578125
14 0.3984375 0.46015625 0.0328125 0.05625
30 0.21015625 0.59921875 0.0328125 0.0546875
17 0.48125 0.46484375 0.028125 0.0578125
31 0.3125 0.45859375 0.03125 0.0609375
47 0.16484375 0.6 0.034375 0.0578125
15 0.7875 0.62890625 0.0296875 0.0578125
23 0.5671875 0.4703125 0.0328125 0.0609375
19 0.740625 0.6296875 0.03125 0.0609375
55 0.3796875 0.3453125 0.03125 0.03125
52 0.20234375 0.6921875 0.05 0.0265625
57 0.5046875 0.4171875 0.128125 0.028125
58 0.4859375 0.8046875 0.0578125 0.028125
58 0.08046875 0.5046875 0.0296875 0.025
58 0.2015625 0.3484375 0.053125 0.0265625
58 0.4125 0.315625 0.028125 0.0265625
58 0.6078125 0.32578125 0.053125 0.0265625
58 0.81484375 0.38046875 0.0546875 0.025
58 0.9203125 0.546875 0.03125 0.025
53 0.49609375 0.5671875 0.0453125 0.021875