54 0.48984375 0.24453125 0.0859375 0.084375
58 0.484375 0.80078125 0.0609375 0.0296875
58 0.146875 0.36875 0.053125 0.025
57 0.503125 0.4125 0.128125 0.028125
58 0.5078125 0.315625 0.053125 0.025
54 0.54296875 0.246875 0.071875 0.078125
54 0.18046875 0.2984375 0.0765625 0.0796875
58 0.10078125 0.65625 0.053125 0.025
55 0.55625 0.6453125 0.03125 0.0296875
54 0.12734375 0.29765625 0.0859375 0.084375
58 0.8796875 0.6953125 0.025 0.0234375
53 0.4953125 0.5609375 0.0453125 0.0234375
36 0.521875 0.46328125 0.0296875 0.059375
34 0.43828125 0.459375 0.0296875 0.05625
33 0.60625 0.46796875 0.0296875 0.059375
19 0.6921875 0.47421875 0.028125 0.0546875