49 0.82578125 0.3 0.0328125 0.0578125
18 0.52421875 0.46640625 0.0328125 0.059375
54 0.3328125 0.46171875 0.084375 0.115625
50 0.6921875 0.4828125 0.0328125 0.059375
57 0.509375 0.41328125 0.128125 0.0328125
53 0.58203125 0.5984375 0.04375 0.021875
22 0.43984375 0.4578125 0.0328125 0.0578125
52 0.8171875 0.39375 0.046875 0.025
53 0.49140625 0.56328125 0.0421875 0.0234375
52 0.41953125 0.3078125 0.05 0.025
55 0.64453125 0.3640625 0.0296875 0.0296875
58 0.46875 0.8 0.0578125 0.0328125
51 0.871875 0.30625 0.0359375 0.059375
53 0.39921875 0.57890625 0.0296875 0.0203125
58 0.9140625 0.565625 0.05 0.0265625
58 0.0796875 0.478125 0.0484375 0.0265625
52 0.615625 0.328125 0.046875 0.025
26 0.6078125 0.4734375 0.034375 0.0578125
41 0.13125 0.3921875 0.0328125 0.0578125
42 0.13125 0.3921875 0.0328125 0.0578125
44 0.6234375 0.23671875 0.0328125 0.0578125
40 0.66875 0.24296875 0.0328125 0.0578125
27 0.428125 0.2140625 0.0328125 0.0578125
27 0.428125 0.2140625 0.0328125 0.0578125
29 0.47265625 0.221875 0.0265625 0.053125
14 0.08671875 0.384375 0.0328125 0.0578125