54 0.25859375 0.67421875 0.090625 0.0890625
55 0.83984375 0.4796875 0.0328125 0.03125
54 0.2046875 0.684375 0.078125 0.0828125
58 0.54921875 0.79921875 0.04375 0.0296875
58 0.9203125 0.45703125 0.0515625 0.0296875
58 0.246875 0.74921875 0.040625 0.0265625
57 0.48671875 0.41484375 0.115625 0.0359375
58 0.47265625 0.31953125 0.0390625 0.0265625
58 0.75234375 0.31484375 0.0390625 0.0265625
58 0.81875 0.65703125 0.0390625 0.025
37 0.30625 0.49609375 0.0359375 0.0609375
16 0.39140625 0.4828125 0.034375 0.0578125
32 0.47421875 0.46953125 0.0359375 0.0609375
29 0.5578125 0.4578125 0.0375 0.0625