57 0.5078125 0.4125 0.128125 0.028125
39 0.3140625 0.45078125 0.0328125 0.059375
22 0.0890625 0.39921875 0.03125 0.05625
55 0.83046875 0.565625 0.0296875 0.0296875
53 0.4953125 0.5640625 0.0421875 0.025
52 0.48046875 0.80078125 0.05625 0.0296875
58 0.91953125 0.553125 0.0609375 0.0265625
52 0.08046875 0.49140625 0.046875 0.0234375
36 0.48203125 0.4625 0.03125 0.0578125
17 0.3984375 0.45546875 0.028125 0.05625
50 0.0421875 0.39765625 0.03125 0.0546875
45 0.4390625 0.69921875 0.034375 0.0609375
5 0.56640625 0.4671875 0.03125 0.059375
1 0.490625 0.7 0.0328125 0.0640625