22 0.4796875 0.4640625 0.0265625 0.05625
57 0.5 0.4125 0.1140625 0.0171875
55 0.8328125 0.5421875 0.0296875 0.028125
23 0.3953125 0.4640625 0.0296875 0.0578125
46 0.878125 0.4328125 0.0265625 0.053125
53 0.5 0.5625 0.0328125 0.0203125
44 0.925 0.428125 0.0265625 0.0546875
31 0.5640625 0.4625 0.0265625 0.0578125
58 0.5015625 0.3171875 0.0359375 0.021875
58 0.921875 0.521875 0.0328125 0.021875
58 0.5015625 0.803125 0.034375 0.021875
52 0.08125 0.5203125 0.04375 0.01875
24 0.3109375 0.4640625 0.028125 0.059375
16 0.65 0.4671875 0.025 0.05625