57 0.5046875 0.4125 0.1171875 0.0265625
54 0.21875 0.2625 0.0828125 0.0828125
54 0.1359375 0.58125 0.06875 0.078125
54 0.0796875 0.57734375 0.0828125 0.0828125
54 0.2734375 0.26640625 0.071875 0.078125
49 0.53359375 0.709375 0.034375 0.0609375
58 0.87578125 0.703125 0.0359375 0.025
51 0.69140625 0.47578125 0.034375 0.059375
58 0.09609375 0.6484375 0.034375 0.0234375
10 0.52265625 0.4640625 0.0328125 0.059375
55 0.7484375 0.64453125 0.0296875 0.028125
58 0.47734375 0.80078125 0.0546875 0.028125
33 0.43828125 0.459375 0.03125 0.0609375
58 0.7828125 0.37578125 0.0375 0.025
29 0.48125 0.69921875 0.03125 0.0640625
58 0.2375 0.3359375 0.0375 0.025
53 0.4953125 0.565625 0.0359375 0.0234375
21 0.60859375 0.471875 0.0296875 0.0578125