54 0.13359375 0.5828125 0.0703125 0.08125
54 0.91328125 0.63515625 0.06875 0.0796875
54 0.0796875 0.57890625 0.0828125 0.0828125
55 0.2171875 0.3828125 0.028125 0.028125
54 0.21875 0.2625 0.0828125 0.0828125
54 0.2734375 0.26796875 0.06875 0.078125
40 0.53125 0.70390625 0.034375 0.0625
54 0.85703125 0.63125 0.0796875 0.08125
58 0.09921875 0.65078125 0.0484375 0.025
58 0.78125 0.37890625 0.0359375 0.025
57 0.5046875 0.4109375 0.1140625 0.025
58 0.875 0.709375 0.0375 0.0234375
53 0.4953125 0.5625 0.0328125 0.021875
3 0.69140625 0.47734375 0.03125 0.059375
32 0.60703125 0.46953125 0.0328125 0.059375
58 0.47890625 0.79921875 0.040625 0.028125
50 0.48125 0.69765625 0.0328125 0.0609375
4 0.52265625 0.465625 0.03125 0.0609375
27 0.43828125 0.4625 0.028125 0.05625
25 0.3546875 0.45390625 0.028125 0.0578125
50 0.48125 0.69765625 0.034375 0.0609375
24 0.52265625 0.465625 0.0296875 0.0609375
58 0.2375 0.3390625 0.0328125 0.021875