37 0.41953125 0.69375 0.0375 0.065625
38 0.46796875 0.70078125 0.040625 0.0671875
53 0.48359375 0.62890625 0.04375 0.025
53 0.525 0.38671875 0.0296875 0.0234375
53 0.7484375 0.4578125 0.034375 0.021875
55 0.24921875 0.34765625 0.0328125 0.0328125
58 0.16484375 0.33125 0.075 0.0390625
58 0.446875 0.8015625 0.05625 0.0359375
58 0.8546875 0.746875 0.065625 0.034375
58 0.87265625 0.45625 0.0640625 0.03125
58 0.53125 0.32421875 0.0609375 0.03125
52 0.0859375 0.609375 0.0515625 0.028125
57 0.51484375 0.415625 0.13125 0.0453125
54 0.5140625 0.2484375 0.084375 0.0828125
54 0.56796875 0.2578125 0.0921875 0.090625
54 0.203125 0.26640625 0.0921875 0.09375
54 0.14296875 0.25625 0.078125 0.0859375
54 0.85703125 0.38203125 0.084375 0.0859375
54 0.909375 0.39140625 0.09375 0.0953125