57 0.5140625 0.41328125 0.1328125 0.0375
58 0.4578125 0.8 0.06875 0.0375
58 0.25703125 0.3203125 0.0625 0.03125
34 0.4015625 0.45 0.034375 0.059375
58 0.91328125 0.58046875 0.0640625 0.028125
1 0.31640625 0.4375 0.0328125 0.0625
52 0.18515625 0.6625 0.05 0.0265625
58 0.7953125 0.39765625 0.05 0.028125
58 0.08203125 0.46484375 0.0625 0.0328125
58 0.7578125 0.74140625 0.0625 0.0296875
58 0.525 0.3203125 0.0515625 0.0296875
45 0.1546875 0.56796875 0.034375 0.0578125
38 0.228125 0.225 0.0328125 0.0578125
55 0.234375 0.35703125 0.03125 0.028125
48 0.2015625 0.571875 0.0359375 0.0578125
53 0.49140625 0.56328125 0.0515625 0.0265625
36 0.48515625 0.46171875 0.034375 0.0609375
55 0.81171875 0.7046875 0.0328125 0.025
44 0.2015625 0.571875 0.034375 0.0609375
26 0.27265625 0.23125 0.0328125 0.05625