20 0.525 0.465625 0.0359375 0.0609375
4 0.44140625 0.45546875 0.034375 0.0625
54 0.1234375 0.396875 0.0734375 0.08125
54 0.06796875 0.3859375 0.0875 0.084375
34 0.60859375 0.47734375 0.034375 0.0578125
55 0.83203125 0.584375 0.03125 0.0296875
58 0.4578125 0.7984375 0.05625 0.0359375
58 0.08046875 0.46328125 0.053125 0.028125
58 0.91171875 0.5796875 0.05 0.028125
56 0.1796875 0.76015625 0.359375 0.1265625
53 0.49140625 0.56328125 0.034375 0.025
14 0.4671875 0.69765625 0.0359375 0.0625
30 0.51796875 0.7078125 0.0359375 0.0625
30 0.69375 0.4890625 0.034375 0.0578125
26 0.51796875 0.7078125 0.0359375 0.0609375
57 0.51171875 0.41640625 0.1140625 0.034375