9 0.6109375 0.484375 0.0328125 0.0609375
57 0.5125 0.41171875 0.128125 0.04375
54 0.478125 0.2390625 0.078125 0.0859375
54 0.16796875 0.575 0.0890625 0.090625
54 0.89765625 0.51953125 0.090625 0.0890625
54 0.79453125 0.68359375 0.0734375 0.0765625
54 0.9515625 0.52890625 0.078125 0.084375
54 0.42421875 0.228125 0.0890625 0.090625
54 0.6703125 0.27109375 0.0765625 0.0828125
54 0.61640625 0.26171875 0.090625 0.0890625
49 0.69296875 0.49609375 0.0359375 0.0578125
54 0.2234375 0.584375 0.0734375 0.08125
54 0.740625 0.67421875 0.0875 0.084375
34 0.5265625 0.46640625 0.0359375 0.059375
54 0.2640625 0.24453125 0.078125 0.084375
54 0.21015625 0.234375 0.0921875 0.090625
58 0.44765625 0.7953125 0.0609375 0.0359375
58 0.90859375 0.59296875 0.0515625 0.0296875
53 0.4890625 0.56328125 0.046875 0.0296875
58 0.22265625 0.31015625 0.0515625 0.0328125
58 0.43515625 0.303125 0.0546875 0.03125
58 0.178125 0.65234375 0.053125 0.0296875
58 0.62734375 0.33515625 0.0546875 0.03125
55 0.53828125 0.65078125 0.03125 0.03125
58 0.74921875 0.7515625 0.053125 0.0296875
58 0.82734375 0.41640625 0.053125 0.0296875
58 0.08046875 0.4484375 0.0265625 0.025