14 0.3125 0.465625 0.03125 0.05625
45 0.48125 0.46875 0.0265625 0.0578125
19 0.565625 0.46875 0.03125 0.059375
4 0.3953125 0.46875 0.028125 0.059375
44 0.65 0.465625 0.028125 0.0578125
57 0.5015625 0.4171875 0.1125 0.021875
58 0.5 0.3203125 0.0375 0.0203125
58 0.2109375 0.7078125 0.0484375 0.025
58 0.5 0.80625 0.040625 0.025
58 0.79375 0.7078125 0.0390625 0.01875
58 0.7796875 0.359375 0.0390625 0.0203125
58 0.921875 0.5265625 0.05 0.0234375
55 0.2953125 0.64375 0.0296875 0.028125
53 0.7125 0.6296875 0.0328125 0.0203125