49 0.684375 0.44765625 0.034375 0.0625
25 0.4328125 0.47265625 0.0328125 0.05625
33 0.56953125 0.7015625 0.034375 0.0609375
44 0.60078125 0.4578125 0.0328125 0.059375
30 0.51484375 0.4640625 0.0375 0.0578125
19 0.51640625 0.70234375 0.0359375 0.059375
54 0.83359375 0.60625 0.078125 0.0828125
54 0.77890625 0.61015625 0.0859375 0.09375
54 0.6015625 0.23984375 0.0765625 0.0828125
54 0.546875 0.24375 0.0875 0.0890625
54 0.41015625 0.2578125 0.0734375 0.0828125
54 0.35234375 0.2625 0.084375 0.084375
55 0.78984375 0.375 0.03125 0.028125
53 0.596875 0.375 0.0453125 0.025
53 0.43828125 0.39296875 0.04375 0.0234375
53 0.50703125 0.56875 0.0484375 0.028125
58 0.57890625 0.3125 0.0578125 0.034375
58 0.38359375 0.33125 0.0546875 0.0265625
58 0.1796875 0.3984375 0.059375 0.0328125
58 0.08515625 0.5703125 0.053125 0.028125
58 0.2328125 0.73515625 0.053125 0.028125
58 0.53203125 0.8046875 0.0609375 0.0375
58 0.8078125 0.6765625 0.0578125 0.028125
58 0.91953125 0.4828125 0.028125 0.0265625
58 0.790625 0.3328125 0.0296875 0.0296875
56 0.234375 0.84375 0.390625 0.1171875
57 0.48984375 0.41484375 0.1296875 0.034375