49 0.196875 0.2671875 0.0265625 0.0546875
18 0.4796875 0.4640625 0.0265625 0.05625
57 0.5 0.4125 0.1265625 0.0203125
50 0.3109375 0.4625 0.0265625 0.05625
53 0.4078125 0.5890625 0.0421875 0.01875
53 0.5 0.5640625 0.040625 0.01875
52 0.6 0.3171875 0.0484375 0.021875
58 0.5 0.803125 0.0546875 0.0265625
55 0.3703125 0.35 0.0265625 0.0265625
52 0.1953125 0.3609375 0.0453125 0.0203125
53 0.5921875 0.5890625 0.0296875 0.0171875
22 0.5640625 0.4640625 0.0265625 0.0546875
58 0.08125 0.521875 0.0484375 0.021875
58 0.9203125 0.521875 0.0484375 0.021875
51 0.15 0.26875 0.0296875 0.059375
38 0.6484375 0.4640625 0.0265625 0.05625
52 0.403125 0.3171875 0.0453125 0.0203125
26 0.3953125 0.4640625 0.028125 0.0546875
42 0.878125 0.4328125 0.0265625 0.0546875
44 0.4046875 0.225 0.0265625 0.0546875
27 0.603125 0.2234375 0.028125 0.0546875
44 0.4046875 0.225 0.0265625 0.0546875
27 0.6015625 0.2234375 0.0265625 0.0546875
29 0.5546875 0.228125 0.025 0.0546875
40 0.359375 0.2265625 0.028125 0.0546875
14 0.925 0.43125 0.0265625 0.0546875