57 0.5 0.4140625 0.1265625 0.021875
54 0.76015625 0.628125 0.0640625 0.075
54 0.94296875 0.440625 0.0796875 0.078125
54 0.88671875 0.44296875 0.0671875 0.0765625
54 0.81640625 0.62734375 0.0796875 0.078125
55 0.62734375 0.34765625 0.0265625 0.025
58 0.21484375 0.7078125 0.034375 0.021875
58 0.9203125 0.51484375 0.046875 0.0234375
58 0.19296875 0.36640625 0.0453125 0.0234375
58 0.08046875 0.52734375 0.0453125 0.0234375
58 0.79375 0.69765625 0.0453125 0.0234375
42 0.56328125 0.46171875 0.028125 0.0546875
58 0.4 0.31875 0.046875 0.0234375
28 0.31015625 0.4671875 0.0296875 0.0578125
58 0.596875 0.3140625 0.034375 0.021875
58 0.50546875 0.8015625 0.053125 0.028125
33 0.47890625 0.4640625 0.028125 0.0578125
53 0.50234375 0.5640625 0.040625 0.01875
29 0.39453125 0.465625 0.0265625 0.0578125