12 0.43359375 0.46796875 0.028125 0.0609375
57 0.4953125 0.4125 0.134375 0.021875
30 0.3484375 0.46796875 0.028125 0.0578125
55 0.2984375 0.64609375 0.028125 0.025
52 0.50859375 0.8015625 0.0546875 0.028125
58 0.76015625 0.346875 0.059375 0.0234375
58 0.92109375 0.50703125 0.0484375 0.0234375
58 0.08046875 0.53671875 0.0609375 0.021875
58 0.21640625 0.71328125 0.059375 0.0234375
58 0.4921875 0.3171875 0.046875 0.021875
58 0.2171875 0.36640625 0.0625 0.025
58 0.79609375 0.69453125 0.05 0.0234375
53 0.50234375 0.5640625 0.0515625 0.021875
49 0.6875 0.45625 0.0265625 0.0609375
14 0.603125 0.46015625 0.0296875 0.059375
25 0.51875 0.46328125 0.0265625 0.059375
45 0.55390625 0.7015625 0.0296875 0.0609375
57 0.50390625 0.65625 0.046875 0.0203125
23 0.25703125 0.62265625 0.0296875 0.05625
21 0.50390625 0.7015625 0.0296875 0.0609375
18 0.21015625 0.62265625 0.0265625 0.0546875