43 0.69140625 0.4859375 0.0359375 0.0609375
11 0.43984375 0.4625 0.034375 0.0625
31 0.47421875 0.7015625 0.0375 0.0671875
42 0.6078125 0.4765625 0.0328125 0.0625
25 0.525 0.46953125 0.028125 0.059375
32 0.5234375 0.71171875 0.0375 0.0671875
54 0.6546875 0.26640625 0.0765625 0.0859375
54 0.59921875 0.2609375 0.0875 0.0921875
55 0.15703125 0.50625 0.03125 0.0328125
57 0.50703125 0.4171875 0.1296875 0.034375
53 0.49140625 0.56640625 0.0453125 0.0265625
58 0.46796875 0.8046875 0.0640625 0.034375
58 0.765625 0.73671875 0.05625 0.03125
58 0.915625 0.56875 0.03125 0.0265625
58 0.8171875 0.3984375 0.05625 0.03125
58 0.61640625 0.33125 0.0578125 0.0296875
58 0.42265625 0.309375 0.05625 0.0296875
58 0.2078125 0.3328125 0.0296875 0.028125
58 0.07890625 0.4828125 0.05625 0.0328125
58 0.1890625 0.675 0.05625 0.03125