54 0.1921875 0.328125 0.078125 0.078125
55 0.8109375 0.440625 0.03125 0.028125
58 0.1703125 0.3984375 0.0359375 0.021875
58 0.83125 0.3984375 0.0359375 0.021875
58 0.5 0.803125 0.040625 0.028125
57 0.5 0.4140625 0.1046875 0.01875
54 0.1375 0.328125 0.0671875 0.0734375
56 0.796875 0.8109375 0.3828125 0.078125
53 0.5 0.565625 0.0234375 0.0203125
4 0.4796875 0.465625 0.0265625 0.0578125
42 0.309375 0.4671875 0.0265625 0.053125
20 0.3953125 0.4671875 0.0265625 0.05625
41 0.453125 0.7046875 0.0265625 0.05625
47 0.503125 0.7015625 0.0296875 0.0609375