54 0.84609375 0.29375 0.071875 0.078125
20 0.60078125 0.4546875 0.03125 0.0578125
58 0.1609375 0.42890625 0.0359375 0.0234375
56 0.23125 0.834375 0.3875 0.1109375
47 0.5125 0.7 0.034375 0.0625
54 0.78984375 0.29921875 0.0828125 0.084375
55 0.18515625 0.47109375 0.03125 0.03125
58 0.82109375 0.371875 0.0375 0.025
41 0.5640625 0.696875 0.0328125 0.0578125
57 0.4921875 0.4125 0.1140625 0.0265625
42 0.68671875 0.44765625 0.03125 0.0578125
53 0.50546875 0.5625 0.0328125 0.025
4 0.5171875 0.4625 0.03125 0.059375
15 0.4328125 0.46953125 0.03125 0.0578125
15 0.434375 0.46953125 0.03125 0.059375
58 0.525 0.80546875 0.040625 0.0296875