57 0.5078125 0.4125 0.1296875 0.03125
52 0.4671875 0.8 0.0546875 0.0296875
54 0.9 0.49296875 0.0859375 0.0859375
53 0.81171875 0.540625 0.0328125 0.0234375
54 0.95234375 0.49921875 0.0765625 0.0796875
52 0.5171875 0.31796875 0.05 0.025
53 0.48359375 0.62578125 0.0421875 0.021875
55 0.16328125 0.50546875 0.0328125 0.03125
58 0.0765625 0.47734375 0.0578125 0.028125
58 0.9140625 0.5671875 0.05 0.028125
55 0.4640625 0.5859375 0.0296875 0.0375
13 0.525 0.70703125 0.0359375 0.059375
7 0.47578125 0.7 0.034375 0.0640625