55 0.53359375 0.34921875 0.0296875 0.03125
58 0.52109375 0.80078125 0.028125 0.028125
58 0.92265625 0.49375 0.053125 0.025
52 0.08046875 0.553125 0.0484375 0.0234375
58 0.4875 0.31953125 0.025 0.0234375
57 0.490625 0.41484375 0.128125 0.0265625
53 0.503125 0.565625 0.046875 0.021875
37 0.6859375 0.45234375 0.0265625 0.0578125
10 0.60234375 0.45859375 0.03125 0.059375
23 0.51796875 0.465625 0.0296875 0.0578125
11 0.43203125 0.471875 0.034375 0.0578125
30 0.34921875 0.47578125 0.0328125 0.059375
43 0.11796875 0.4609375 0.03125 0.0546875
22 0.07109375 0.4609375 0.0328125 0.0578125
31 0.95703125 0.40234375 0.034375 0.059375
29 0.91171875 0.40234375 0.0328125 0.0609375