3 0.309375 0.4625 0.0265625 0.05625
54 0.796875 0.284375 0.078125 0.078125
54 0.0796875 0.6046875 0.0640625 0.0734375
54 0.9140625 0.60625 0.078125 0.078125
54 0.8578125 0.6078125 0.0640625 0.0734375
57 0.5 0.4125 0.1125 0.0171875
32 0.3953125 0.4640625 0.03125 0.0578125
54 0.134375 0.6046875 0.078125 0.078125
54 0.7421875 0.284375 0.0671875 0.071875
58 0.1109375 0.6765625 0.034375 0.021875
55 0.7921875 0.3984375 0.0265625 0.0265625
53 0.5 0.5625 0.03125 0.0203125
58 0.890625 0.6765625 0.0453125 0.021875
58 0.5015625 0.8015625 0.0375 0.0265625
58 0.7734375 0.3546875 0.0328125 0.021875
58 0.228125 0.3546875 0.034375 0.021875
56 0.8 0.803125 0.3875 0.075
49 0.5046875 0.6984375 0.028125 0.059375
50 0.5046875 0.6984375 0.0296875 0.059375
24 0.4796875 0.4640625 0.028125 0.0609375
40 0.4546875 0.7015625 0.0296875 0.059375