41 0.44609375 0.7015625 0.0296875 0.0609375
54 0.175 0.621875 0.06875 0.075
57 0.5046875 0.4125 0.128125 0.025
54 0.228125 0.6234375 0.0828125 0.0796875
54 0.80859375 0.2953125 0.0796875 0.08125
54 0.2109375 0.27421875 0.06875 0.075
54 0.9453125 0.465625 0.0828125 0.08125
54 0.10546875 0.4359375 0.0796875 0.0796875
54 0.05234375 0.4359375 0.0703125 0.0765625
54 0.265625 0.27734375 0.0828125 0.0828125
54 0.75390625 0.29296875 0.0703125 0.075
54 0.890625 0.46484375 0.06875 0.078125
53 0.4984375 0.625 0.0296875 0.0203125
58 0.49140625 0.8015625 0.065625 0.0296875
53 0.49765625 0.5640625 0.0296875 0.0203125
58 0.23984375 0.346875 0.059375 0.025
58 0.92109375 0.53515625 0.05625 0.0234375
58 0.08046875 0.50546875 0.05625 0.0234375
53 0.6609375 0.41328125 0.0265625 0.01875
58 0.78359375 0.71328125 0.059375 0.0234375
55 0.22109375 0.38359375 0.0296875 0.028125
58 0.5078125 0.315625 0.0578125 0.0234375
58 0.20390625 0.69296875 0.05 0.0234375
58 0.7828125 0.36640625 0.05625 0.0234375
53 0.81875 0.5109375 0.028125 0.01875
29 0.49765625 0.7015625 0.028125 0.0609375