57 0.509375 0.41328125 0.128125 0.0375
31 0.090625 0.36953125 0.034375 0.0578125
55 0.3921875 0.33359375 0.0296875 0.028125
58 0.7578125 0.74140625 0.0375 0.0265625
32 0.2375 0.5796875 0.0375 0.0578125
52 0.18203125 0.66171875 0.046875 0.0234375
28 0.6921875 0.490625 0.0359375 0.0609375
42 0.44140625 0.45546875 0.034375 0.0578125
58 0.82109375 0.4046875 0.0484375 0.028125
58 0.91328125 0.57890625 0.0484375 0.028125
58 0.62109375 0.3328125 0.05 0.028125
58 0.0796875 0.46171875 0.05 0.028125
58 0.4265625 0.303125 0.0375 0.0265625
44 0.13515625 0.38046875 0.0359375 0.0578125
58 0.4578125 0.8 0.0546875 0.0328125
33 0.525 0.4671875 0.0328125 0.0609375
26 0.3578125 0.44375 0.034375 0.0578125
12 0.19375 0.5703125 0.034375 0.059375
4 0.19375 0.5703125 0.034375 0.059375
29 0.61015625 0.47890625 0.03125 0.0609375