55 0.56875 0.36015625 0.03125 0.03125
54 0.84296875 0.6703125 0.090625 0.090625
54 0.1546875 0.2515625 0.0921875 0.09375
54 0.52109375 0.246875 0.09375 0.090625
54 0.0734375 0.5359375 0.09375 0.096875
54 0.12734375 0.5421875 0.078125 0.0859375
54 0.91640625 0.3875 0.08125 0.0859375
54 0.575 0.25625 0.078125 0.0859375
54 0.8625 0.3765625 0.090625 0.090625
54 0.8953125 0.67890625 0.0796875 0.0875
58 0.44609375 0.7953125 0.0453125 0.0328125
57 0.51328125 0.41328125 0.1171875 0.0421875
58 0.53046875 0.31953125 0.0390625 0.028125
58 0.871875 0.4515625 0.0375 0.028125
54 0.20546875 0.2625 0.08125 0.0875
53 0.2796875 0.37421875 0.021875 0.01875
52 0.85234375 0.74296875 0.05 0.0265625
58 0.0828125 0.60703125 0.0390625 0.0265625
58 0.165625 0.3265625 0.0390625 0.028125
53 0.21796875 0.5421875 0.0234375 0.0203125
53 0.75078125 0.6359375 0.0328125 0.021875
53 0.475 0.62265625 0.025 0.021875
41 0.5109375 0.7078125 0.040625 0.059375