58 0.14453125 0.375 0.0515625 0.0234375
58 0.49140625 0.8015625 0.0578125 0.0296875
55 0.77890625 0.3984375 0.03125 0.0296875
57 0.50625 0.4125 0.125 0.025
56 0.7859375 0.81953125 0.3921875 0.0953125
58 0.8859375 0.69140625 0.053125 0.028125
58 0.86328125 0.4 0.053125 0.025
58 0.103125 0.6625 0.05 0.0203125
58 0.50625 0.3171875 0.0296875 0.025
53 0.49921875 0.5625 0.0453125 0.025
54 0.8890625 0.33046875 0.084375 0.0828125
54 0.8359375 0.32890625 0.075 0.08125
28 0.3125 0.4578125 0.0296875 0.059375
45 0.396875 0.45859375 0.028125 0.059375
25 0.48125 0.46328125 0.028125 0.0609375
39 0.44765625 0.7015625 0.0328125 0.0609375
38 0.49765625 0.6984375 0.03125 0.0640625