51 0.47109375 0.7046875 0.0359375 0.0640625
52 0.528125 0.8 0.0546875 0.0296875
57 0.49375 0.4125 0.128125 0.0296875
54 0.446875 0.24921875 0.071875 0.078125
54 0.88515625 0.41796875 0.0734375 0.0796875
55 0.45 0.6484375 0.0328125 0.0328125
54 0.9375 0.41328125 0.0859375 0.0875
54 0.5015625 0.24609375 0.0859375 0.0875
53 0.81328125 0.48046875 0.0328125 0.025
53 0.5140625 0.62578125 0.04375 0.0234375
30 0.521875 0.69921875 0.0328125 0.0625
58 0.92265625 0.48671875 0.0609375 0.0265625
58 0.4859375 0.31953125 0.0515625 0.03125
58 0.08359375 0.56015625 0.0515625 0.028125
53 0.4921875 0.378125 0.034375 0.034375
55 0.534375 0.59140625 0.0265625 0.028125