49 0.4609375 0.69453125 0.0421875 0.0671875
15 0.609375 0.48125 0.0390625 0.0625
57 0.5125 0.41328125 0.1234375 0.0390625
55 0.821875 0.5984375 0.0328125 0.0328125
52 0.53046875 0.31953125 0.0515625 0.0296875
42 0.5265625 0.46796875 0.0359375 0.059375
52 0.91015625 0.59296875 0.0484375 0.028125
37 0.509375 0.70625 0.0390625 0.065625
53 0.4890625 0.56328125 0.0453125 0.0265625
58 0.44765625 0.7984375 0.059375 0.0359375
58 0.08203125 0.45 0.0625 0.03125
44 0.6921875 0.49765625 0.0359375 0.0609375
13 0.44375 0.4515625 0.0359375 0.0609375
41 0.9671875 0.5125 0.0359375 0.05625
14 0.9234375 0.503125 0.0359375 0.05625