0 0.52109375 0.69921875 0.0390625 0.0671875
30 0.11640625 0.478125 0.0359375 0.0578125
57 0.4875 0.41328125 0.125 0.0328125
53 0.50625 0.5640625 0.0421875 0.0234375
12 0.56953125 0.69765625 0.0390625 0.065625
52 0.53515625 0.79921875 0.0546875 0.0328125
55 0.1734375 0.58125 0.03125 0.0296875
44 0.68359375 0.44140625 0.034375 0.0625
58 0.084375 0.575 0.05 0.0265625
43 0.515625 0.46015625 0.034375 0.059375
58 0.478125 0.3203125 0.0515625 0.0265625
58 0.9203125 0.471875 0.0546875 0.0296875
23 0.43203125 0.471875 0.0328125 0.059375
21 0.06953125 0.48046875 0.0328125 0.059375
25 0.59921875 0.45 0.03125 0.059375