20 0.47109375 0.2265625 0.034375 0.059375
57 0.490625 0.41484375 0.1265625 0.0296875
55 0.5765625 0.6390625 0.03125 0.03125
42 0.5171875 0.4625 0.03125 0.0578125
52 0.4828125 0.31953125 0.0484375 0.025
52 0.525 0.80234375 0.05625 0.0296875
53 0.50546875 0.5640625 0.04375 0.025
58 0.08203125 0.56015625 0.0609375 0.0265625
37 0.4328125 0.46953125 0.03125 0.059375
58 0.92109375 0.48671875 0.053125 0.028125
24 0.51640625 0.22578125 0.034375 0.0609375
0 0.071875 0.4671875 0.034375 0.0625
51 0.34765625 0.47734375 0.03125 0.0578125
51 0.34765625 0.47734375 0.0328125 0.0578125
7 0.5125 0.7 0.034375 0.0640625
23 0.56484375 0.7 0.0359375 0.0640625
26 0.68515625 0.44765625 0.034375 0.0609375
24 0.51875 0.22734375 0.034375 0.059375
1 0.603125 0.45625 0.028125 0.0546875
11 0.11796875 0.46796875 0.03125 0.053125