32 0.490625 0.709375 0.0421875 0.0671875
0 0.4734375 0.46796875 0.0375 0.0640625
57 0.48671875 0.41484375 0.128125 0.040625
53 0.425 0.60546875 0.034375 0.025
55 0.178125 0.6 0.0328125 0.0328125
52 0.46953125 0.31953125 0.05 0.028125
44 0.390625 0.484375 0.0375 0.0625
52 0.55390625 0.7984375 0.0546875 0.0328125
52 0.91953125 0.45 0.05 0.028125
53 0.5109375 0.56328125 0.0453125 0.028125
22 0.0765625 0.503125 0.0375 0.0609375
29 0.30625 0.49765625 0.0359375 0.0625
58 0.08828125 0.59453125 0.053125 0.0296875
51 0.55703125 0.453125 0.0375 0.0625
38 0.0328125 0.5140625 0.0359375 0.0578125
6 0.90625 0.35546875 0.0390625 0.0609375
15 0.8609375 0.36796875 0.040625 0.059375
46 0.5390625 0.69609375 0.0390625 0.0640625
50 0.64140625 0.43828125 0.0359375 0.059375