0 0.5640625 0.465625 0.028125 0.0578125
57 0.503125 0.4125 0.125 0.01875
53 0.5 0.5640625 0.040625 0.01875
55 0.4359375 0.64375 0.0265625 0.0265625
9 0.3109375 0.4640625 0.0234375 0.05625
12 0.4796875 0.4640625 0.028125 0.059375
58 0.5 0.8015625 0.0546875 0.0265625
52 0.5015625 0.315625 0.046875 0.021875
52 0.921875 0.521875 0.0453125 0.0171875
3 0.3953125 0.4640625 0.028125 0.059375
58 0.08125 0.521875 0.0453125 0.021875
8 0.0828125 0.428125 0.028125 0.0578125
14 0.6484375 0.4640625 0.0265625 0.0546875
12 0.9234375 0.428125 0.0265625 0.0578125
25 0.878125 0.4328125 0.0265625 0.0546875
4 0.9234375 0.428125 0.0296875 0.0578125
8 0.0828125 0.428125 0.028125 0.0578125
28 0.0390625 0.4328125 0.028125 0.0546875
5 0.878125 0.43125 0.0265625 0.0546875