54 0.75078125 0.64453125 0.065625 0.0734375
54 0.58046875 0.25078125 0.0703125 0.075
54 0.80703125 0.64921875 0.08125 0.08125
54 0.171875 0.6171875 0.0671875 0.0765625
54 0.38515625 0.240625 0.0671875 0.078125
57 0.503125 0.4140625 0.134375 0.028125
54 0.63515625 0.25234375 0.0796875 0.078125
54 0.2265625 0.61875 0.08125 0.08125
54 0.22890625 0.27578125 0.0828125 0.0828125
53 0.39375 0.37734375 0.0421875 0.021875
54 0.17421875 0.2734375 0.0703125 0.0765625
54 0.43984375 0.2421875 0.0828125 0.0828125
53 0.5546875 0.38671875 0.0421875 0.0203125
53 0.496875 0.5640625 0.0421875 0.0234375
58 0.484375 0.80078125 0.05625 0.0328125
58 0.2 0.3453125 0.0515625 0.0296875
58 0.7796875 0.71953125 0.0515625 0.0265625
58 0.41171875 0.3109375 0.0515625 0.025
53 0.4984375 0.625 0.0453125 0.0234375
58 0.20078125 0.6890625 0.053125 0.025
58 0.6078125 0.32265625 0.053125 0.025
58 0.91875 0.5453125 0.0515625 0.025
58 0.81484375 0.37890625 0.053125 0.028125
55 0.20390625 0.3875 0.028125 0.028125
33 0.4421875 0.70234375 0.0296875 0.0609375
58 0.07890625 0.5 0.0234375 0.0234375
19 0.49453125 0.7 0.0328125 0.0609375