57 0.48984375 0.41484375 0.128125 0.0375
54 0.53125 0.24140625 0.078125 0.084375
54 0.5859375 0.23359375 0.090625 0.09375
54 0.87734375 0.3984375 0.078125 0.08125
54 0.9328125 0.390625 0.0859375 0.0859375
55 0.35078125 0.36953125 0.0296875 0.0296875
58 0.91875 0.46171875 0.053125 0.028125
58 0.815625 0.659375 0.053125 0.028125
58 0.571875 0.30546875 0.0546875 0.0296875
58 0.5421875 0.7984375 0.059375 0.034375
58 0.78515625 0.31953125 0.028125 0.025
58 0.2421875 0.73984375 0.0265625 0.025
27 0.3078125 0.490625 0.034375 0.059375
53 0.50859375 0.56328125 0.046875 0.0265625
58 0.37890625 0.3328125 0.0546875 0.028125
58 0.17734375 0.4046875 0.053125 0.03125
58 0.08828125 0.578125 0.028125 0.025
40 0.475 0.4671875 0.0359375 0.0625
31 0.39140625 0.47890625 0.034375 0.0609375
31 0.39140625 0.47890625 0.034375 0.0609375