55 0.43125 0.36171875 0.0328125 0.034375
58 0.55234375 0.796875 0.03125 0.03125
58 0.08828125 0.59609375 0.0546875 0.03125
52 0.91953125 0.45 0.05 0.028125
58 0.46875 0.321875 0.0265625 0.025
57 0.48828125 0.41484375 0.128125 0.0390625
53 0.51328125 0.5640625 0.0484375 0.0265625
37 0.3078125 0.49921875 0.0328125 0.059375
10 0.390625 0.484375 0.0359375 0.0609375
23 0.47421875 0.47109375 0.0359375 0.059375
11 0.55859375 0.45625 0.040625 0.0609375
30 0.63984375 0.440625 0.0375 0.0625
43 0.8609375 0.36953125 0.0375 0.0578125
22 0.90625 0.35859375 0.0390625 0.0609375
31 0.0328125 0.515625 0.0390625 0.0625
29 0.07734375 0.5046875 0.0375 0.0640625