2 0.31328125 0.459375 0.0359375 0.0578125
10 0.39609375 0.4609375 0.0296875 0.05625
4 0.48046875 0.465625 0.028125 0.0625
44 0.44921875 0.70234375 0.0328125 0.0625
37 0.50078125 0.7015625 0.028125 0.0609375
55 0.45859375 0.35078125 0.028125 0.028125
58 0.503125 0.3171875 0.0265625 0.021875
58 0.14296875 0.38125 0.0515625 0.0234375
58 0.10625 0.67109375 0.053125 0.0234375
58 0.8625 0.3953125 0.053125 0.028125
58 0.8875 0.68515625 0.0546875 0.0296875
58 0.49609375 0.8015625 0.05625 0.03125
57 0.503125 0.4140625 0.125 0.021875
53 0.50078125 0.5625 0.0421875 0.025
56 0.79296875 0.81484375 0.3875 0.084375
53 0.7375 0.41640625 0.0421875 0.021875