30 0.47421875 0.6984375 0.034375 0.0640625
57 0.5078125 0.4125 0.125 0.0296875
48 0.52421875 0.46640625 0.034375 0.0625
22 0.52578125 0.2234375 0.0328125 0.059375
52 0.46640625 0.8015625 0.05625 0.03125
23 0.5703125 0.2328125 0.034375 0.0578125
55 0.546875 0.64921875 0.03125 0.0328125
52 0.5171875 0.31796875 0.05 0.0265625
4 0.6078125 0.475 0.034375 0.0609375
51 0.525 0.70703125 0.0375 0.065625
38 0.6921875 0.4828125 0.0328125 0.0609375
53 0.49296875 0.5640625 0.0453125 0.025
58 0.078125 0.47734375 0.0515625 0.0265625
14 0.43828125 0.45546875 0.0328125 0.059375
58 0.915625 0.5671875 0.0515625 0.028125
27 0.08515625 0.384375 0.0375 0.0625
46 0.13046875 0.3953125 0.03125 0.0546875