57 0.5015625 0.4125 0.1265625 0.01875
58 0.790625 0.7078125 0.05 0.0234375
53 0.5 0.565625 0.0453125 0.021875
52 0.809375 0.3640625 0.046875 0.021875
58 0.5984375 0.3203125 0.0515625 0.021875
58 0.19375 0.3640625 0.05 0.025
58 0.9234375 0.5234375 0.0546875 0.0234375
55 0.1984375 0.4078125 0.0265625 0.0265625
58 0.08125 0.525 0.0515625 0.021875
53 0.4078125 0.590625 0.04375 0.0203125
58 0.403125 0.31875 0.0515625 0.021875
10 0.3109375 0.4640625 0.0265625 0.0546875
58 0.2109375 0.7078125 0.0234375 0.021875
52 0.5015625 0.8015625 0.0546875 0.0265625
16 0.4796875 0.4640625 0.0265625 0.05625
46 0.5046875 0.7015625 0.028125 0.059375
47 0.453125 0.703125 0.03125 0.059375
47 0.453125 0.7046875 0.0296875 0.059375
15 0.3953125 0.4640625 0.0265625 0.05625
24 0.8109375 0.26875 0.028125 0.0546875
25 0.7640625 0.2734375 0.0234375 0.0515625
30 0.15 0.2734375 0.0234375 0.053125
28 0.196875 0.2703125 0.028125 0.0546875