57 0.51015625 0.41484375 0.125 0.03125
34 0.8828125 0.47421875 0.034375 0.0578125
2 0.315625 0.44453125 0.0328125 0.0578125
33 0.4 0.453125 0.03125 0.0578125
58 0.46796875 0.8015625 0.059375 0.0328125
55 0.16328125 0.50703125 0.0328125 0.0296875
53 0.49453125 0.5640625 0.0421875 0.0234375
52 0.08125 0.478125 0.046875 0.0234375
58 0.9171875 0.56875 0.0265625 0.021875
42 0.5671875 0.47265625 0.0328125 0.059375
51 0.48359375 0.4625 0.034375 0.0625
10 0.09375 0.38671875 0.0328125 0.0578125
42 0.5671875 0.47265625 0.034375 0.059375
13 0.9296875 0.47578125 0.028125 0.0515625
14 0.0453125 0.3859375 0.0296875 0.0546875