57 0.51171875 0.41484375 0.13125 0.0375
54 0.17109375 0.5859375 0.0875 0.084375
54 0.225 0.59375 0.0734375 0.0765625
53 0.30078125 0.56796875 0.0484375 0.028125
54 0.95390625 0.51640625 0.0765625 0.084375
56 0.17890625 0.76484375 0.3578125 0.1296875
54 0.8984375 0.50703125 0.0875 0.0875
58 0.459375 0.79921875 0.0578125 0.0359375
58 0.91171875 0.58125 0.053125 0.028125
58 0.18515625 0.6609375 0.0484375 0.028125
58 0.08046875 0.46328125 0.0484375 0.0265625
55 0.83125 0.578125 0.0296875 0.028125
53 0.184375 0.45546875 0.034375 0.025
30 0.4671875 0.69765625 0.0359375 0.0625
53 0.49140625 0.56328125 0.034375 0.0234375
41 0.51796875 0.7078125 0.0375 0.0625
26 0.4671875 0.69765625 0.034375 0.0625