49 0.396875 0.46171875 0.03125 0.0609375
45 0.65 0.475 0.03125 0.0609375
0 0.31328125 0.45703125 0.03125 0.0578125
20 0.4828125 0.46640625 0.0296875 0.0609375
48 0.5671875 0.4703125 0.0328125 0.0578125
55 0.4640625 0.35078125 0.0296875 0.028125
54 0.11953125 0.3 0.0734375 0.08125
54 0.17578125 0.303125 0.078125 0.0796875
54 0.853125 0.6296875 0.0703125 0.08125
54 0.90625 0.63671875 0.0859375 0.0921875
57 0.50625 0.415625 0.10625 0.025
53 0.49765625 0.5671875 0.021875 0.021875
58 0.48515625 0.80625 0.04375 0.0265625
58 0.10234375 0.6609375 0.0421875 0.0234375
58 0.1484375 0.371875 0.0390625 0.0234375
58 0.509375 0.3203125 0.040625 0.025
58 0.86484375 0.409375 0.0359375 0.021875
58 0.88203125 0.703125 0.0390625 0.0234375