12 0.5359375 0.696875 0.0390625 0.0671875
57 0.4875 0.41328125 0.1359375 0.0390625
32 0.4875 0.709375 0.040625 0.065625
52 0.5484375 0.79765625 0.0578125 0.034375
55 0.1765625 0.59375 0.0328125 0.03125
52 0.47109375 0.31953125 0.0515625 0.0296875
53 0.42265625 0.60234375 0.0484375 0.028125
58 0.9203125 0.45703125 0.0625 0.03125
58 0.08828125 0.5890625 0.0546875 0.0328125
5 0.46015625 0.228125 0.034375 0.059375
53 0.51015625 0.56328125 0.0453125 0.0265625
9 0.640625 0.44140625 0.0359375 0.0609375
50 0.55703125 0.453125 0.0375 0.0609375
35 0.86328125 0.37421875 0.0390625 0.059375
41 0.415625 0.23828125 0.0359375 0.0578125
19 0.3078125 0.49375 0.040625 0.0625
8 0.90703125 0.3625 0.0375 0.0609375
35 0.86328125 0.37421875 0.040625 0.0625
41 0.415625 0.23828125 0.0359375 0.0578125
25 0.47421875 0.46796875 0.034375 0.0609375
16 0.390625 0.48125 0.0375 0.0625