57 0.5015625 0.4125 0.115625 0.01875
54 0.796875 0.2828125 0.078125 0.078125
54 0.8578125 0.60625 0.0640625 0.0734375
54 0.9140625 0.60625 0.078125 0.078125
54 0.7421875 0.2828125 0.0671875 0.0734375
49 0.4515625 0.70625 0.0296875 0.059375
58 0.1109375 0.6765625 0.034375 0.021875
51 0.3109375 0.4625 0.0296875 0.0578125
58 0.8921875 0.6765625 0.0328125 0.021875
10 0.4796875 0.4625 0.028125 0.0578125
55 0.2421875 0.6265625 0.028125 0.0265625
58 0.5015625 0.8015625 0.053125 0.025
33 0.5640625 0.4640625 0.0265625 0.059375
58 0.2265625 0.35625 0.0359375 0.021875
29 0.5046875 0.7 0.0265625 0.0625
58 0.7734375 0.3546875 0.0359375 0.021875
53 0.5 0.565625 0.034375 0.0203125
21 0.39375 0.4640625 0.0265625 0.05625