42 0.35 0.465625 0.0265625 0.05625
14 0.603125 0.465625 0.0296875 0.0546875
30 0.784375 0.6140625 0.0296875 0.053125
17 0.5203125 0.465625 0.025 0.05625
31 0.6890625 0.46875 0.028125 0.059375
47 0.8296875 0.6171875 0.03125 0.05625
15 0.20625 0.6140625 0.0265625 0.05625
23 0.434375 0.4671875 0.0296875 0.059375
19 0.253125 0.6171875 0.028125 0.059375
55 0.628125 0.3515625 0.0296875 0.0296875
52 0.7875 0.7078125 0.0484375 0.0234375
57 0.5 0.4171875 0.1265625 0.021875
58 0.4984375 0.8046875 0.05625 0.025
58 0.91875 0.5265625 0.028125 0.0234375
58 0.80625 0.3640625 0.0515625 0.0234375
58 0.596875 0.3203125 0.0265625 0.025
58 0.4015625 0.3203125 0.0515625 0.0234375
58 0.1921875 0.3640625 0.053125 0.021875
58 0.078125 0.525 0.0296875 0.0234375
53 0.5 0.5671875 0.04375 0.0203125