22 0.5640625 0.4640625 0.0265625 0.05625
57 0.5015625 0.4125 0.1234375 0.01875
53 0.5015625 0.5640625 0.040625 0.0171875
55 0.4359375 0.6421875 0.0296875 0.028125
52 0.5015625 0.3171875 0.0484375 0.0203125
58 0.5 0.803125 0.05625 0.0265625
52 0.0796875 0.521875 0.046875 0.0203125
17 0.3953125 0.4625 0.025 0.05625
37 0.4796875 0.4625 0.0265625 0.0578125
58 0.9234375 0.521875 0.0578125 0.021875
23 0.925 0.428125 0.0296875 0.0546875
51 0.3109375 0.4625 0.028125 0.0578125
31 0.0375 0.43125 0.028125 0.05625
15 0.0828125 0.4265625 0.03125 0.05625
27 0.0375 0.4296875 0.0296875 0.05625
6 0.65 0.4625 0.028125 0.0578125
41 0.8765625 0.4328125 0.025 0.053125