26 0.9015625 0.37109375 0.034375 0.059375
57 0.48671875 0.41484375 0.128125 0.0359375
53 0.50859375 0.56328125 0.04375 0.025
52 0.4734375 0.32109375 0.05 0.0265625
55 0.175 0.58828125 0.03125 0.03125
58 0.5421875 0.7984375 0.0578125 0.034375
29 0.43125 0.4734375 0.034375 0.0625
58 0.08515625 0.58203125 0.0625 0.0296875
37 0.5984375 0.45 0.034375 0.059375
36 0.346875 0.48671875 0.0375 0.0609375
58 0.91796875 0.46484375 0.053125 0.028125
18 0.68203125 0.43828125 0.034375 0.059375
17 0.51484375 0.46171875 0.034375 0.0609375
4 0.45859375 0.228125 0.0359375 0.0609375
5 0.50390625 0.225 0.0359375 0.0578125
48 0.9484375 0.36875 0.0390625 0.0578125
17 0.51484375 0.46171875 0.034375 0.0609375