3 0.68984375 0.4671875 0.028125 0.05625
54 0.8921875 0.32421875 0.071875 0.078125
54 0.8390625 0.3234375 0.0796875 0.0796875
8 0.43671875 0.46328125 0.028125 0.0578125
57 0.5015625 0.4140625 0.128125 0.0203125
14 0.60546875 0.465625 0.028125 0.05625
15 0.52109375 0.4640625 0.028125 0.0578125
58 0.49296875 0.803125 0.0546875 0.028125
58 0.8609375 0.3953125 0.05 0.028125
53 0.49921875 0.5640625 0.04375 0.0203125
58 0.5015625 0.315625 0.0265625 0.021875
58 0.10625 0.66953125 0.0515625 0.0234375
58 0.14296875 0.3796875 0.05 0.0234375
58 0.8859375 0.68515625 0.05 0.0234375
55 0.77421875 0.6296875 0.0265625 0.0265625
30 0.4921875 0.7 0.0296875 0.0609375
5 0.54296875 0.70390625 0.028125 0.059375
6 0.4921875 0.7 0.028125 0.0609375