54 0.14375 0.640625 0.084375 0.084375
54 0.0890625 0.64765625 0.071875 0.0828125
55 0.45078125 0.65 0.028125 0.028125
58 0.1265625 0.71328125 0.0515625 0.0265625
58 0.528125 0.8015625 0.0578125 0.03125
57 0.49375 0.4140625 0.1265625 0.0296875
58 0.1328125 0.42265625 0.053125 0.0265625
53 0.50546875 0.5640625 0.0453125 0.025
58 0.4859375 0.31953125 0.028125 0.021875
58 0.9046875 0.64375 0.0265625 0.0234375
58 0.8484375 0.3578125 0.053125 0.0265625
54 0.14921875 0.3484375 0.0875 0.084375
54 0.096875 0.353125 0.0765625 0.084375
27 0.30703125 0.48359375 0.028125 0.05625
11 0.39296875 0.475 0.0296875 0.0578125
18 0.4765625 0.46875 0.0296875 0.05625
0 0.5625 0.46171875 0.028125 0.0546875
45 0.64609375 0.45234375 0.0265625 0.053125
51 0.471875 0.7203125 0.0359375 0.0546875
16 0.5234375 0.715625 0.0328125 0.0578125