0 0.0890625 0.39921875 0.0296875 0.0578125
48 0.48203125 0.4625 0.0328125 0.0609375
52 0.48046875 0.80234375 0.0546875 0.0296875
34 0.3140625 0.44921875 0.0296875 0.0578125
57 0.5078125 0.4125 0.1234375 0.0234375
55 0.16328125 0.5171875 0.0296875 0.0296875
52 0.08046875 0.49140625 0.0453125 0.0234375
52 0.5140625 0.31796875 0.05 0.0234375
12 0.92734375 0.4578125 0.0328125 0.059375
20 0.88203125 0.459375 0.0328125 0.05625
53 0.4 0.58203125 0.046875 0.0234375
26 0.490625 0.7 0.0359375 0.0625
53 0.4953125 0.5640625 0.04375 0.0234375
58 0.92109375 0.5515625 0.05625 0.0234375
40 0.04375 0.39765625 0.03125 0.0546875
19 0.4390625 0.69921875 0.0359375 0.0640625
27 0.440625 0.69921875 0.0359375 0.0625
21 0.3984375 0.45703125 0.0234375 0.0578125