41 0.42109375 0.69765625 0.0375 0.0625
46 0.471875 0.69921875 0.04375 0.0671875
32 0.7265625 0.65625 0.0375 0.0609375
47 0.77265625 0.65859375 0.0359375 0.0578125
55 0.7953125 0.4421875 0.03125 0.0328125
52 0.45234375 0.80234375 0.0578125 0.0328125
57 0.51328125 0.41796875 0.1265625 0.0390625
58 0.08203125 0.4609375 0.0546875 0.03125
58 0.18046875 0.66171875 0.0546875 0.0328125
58 0.53125 0.32421875 0.0390625 0.0296875
58 0.79609375 0.40625 0.04375 0.0328125
58 0.75390625 0.75234375 0.0390625 0.03125
53 0.4921875 0.56875 0.0484375 0.0296875