54 0.5578125 0.25 0.075 0.0796875
54 0.11640625 0.409375 0.075 0.0796875
55 0.559375 0.35546875 0.0296875 0.0296875
54 0.0640625 0.40546875 0.0875 0.0890625
57 0.509375 0.41328125 0.1171875 0.0296875
54 0.503125 0.24609375 0.0890625 0.0890625
53 0.48359375 0.62578125 0.03125 0.021875
58 0.46796875 0.8015625 0.0578125 0.0328125
58 0.0796875 0.4796875 0.0515625 0.025
53 0.18671875 0.475 0.0328125 0.025
58 0.51875 0.31953125 0.0546875 0.03125
58 0.915625 0.5671875 0.0515625 0.028125
18 0.52578125 0.70546875 0.0359375 0.0609375
16 0.47421875 0.6984375 0.0375 0.065625