16 0.68828125 0.46875 0.0328125 0.059375
36 0.52109375 0.465625 0.03125 0.05625
35 0.60546875 0.4671875 0.03125 0.0546875
43 0.43515625 0.46640625 0.0296875 0.05625
3 0.35078125 0.46484375 0.0296875 0.05625
54 0.175 0.31640625 0.0671875 0.075
54 0.11875 0.31328125 0.078125 0.0796875
54 0.1390625 0.6046875 0.06875 0.0734375
54 0.0828125 0.60390625 0.0765625 0.078125
53 0.4984375 0.5671875 0.0515625 0.01875
55 0.225 0.3890625 0.03125 0.0296875
58 0.503125 0.321875 0.0640625 0.0234375
58 0.14140625 0.384375 0.059375 0.021875
58 0.1046875 0.67421875 0.0625 0.0265625
58 0.49296875 0.80625 0.06875 0.0296875
52 0.884375 0.68671875 0.0515625 0.021875
57 0.5015625 0.4171875 0.1328125 0.0203125