54 0.8265625 0.59921875 0.0875 0.084375
57 0.4921875 0.4125 0.1171875 0.0328125
54 0.046875 0.49765625 0.0765625 0.0796875
54 0.771875 0.60625 0.071875 0.0796875
54 0.9359375 0.40546875 0.0875 0.0859375
54 0.18203125 0.31796875 0.0734375 0.08125
54 0.1 0.49140625 0.084375 0.0859375
54 0.23671875 0.3125 0.0875 0.0875
53 0.50703125 0.5640625 0.0328125 0.021875
54 0.88203125 0.4125 0.0734375 0.0828125
53 0.29296875 0.42890625 0.0296875 0.0203125
58 0.921875 0.47734375 0.059375 0.028125
55 0.453125 0.64921875 0.0296875 0.0296875
58 0.53203125 0.8015625 0.065625 0.034375
58 0.76171875 0.328125 0.0484375 0.025
58 0.22109375 0.38515625 0.0578125 0.028125
58 0.23359375 0.73203125 0.0609375 0.0296875
53 0.184375 0.534375 0.0296875 0.0203125
58 0.0875 0.5640625 0.0578125 0.028125
58 0.80859375 0.671875 0.059375 0.0265625
58 0.4828125 0.31796875 0.059375 0.028125
57 0.51640625 0.65546875 0.05 0.0234375
57 0.51640625 0.65703125 0.0515625 0.025
8 0.52578125 0.7 0.0359375 0.0625
26 0.475 0.70703125 0.0328125 0.0609375
26 0.475 0.70703125 0.034375 0.0625