55 0.16328125 0.4953125 0.03125 0.0296875
58 0.08203125 0.46328125 0.0390625 0.025
52 0.459375 0.8015625 0.053125 0.028125
58 0.5265625 0.3234375 0.0375 0.0265625
57 0.51328125 0.41484375 0.115625 0.0328125
13 0.096875 0.37109375 0.034375 0.0609375
53 0.490625 0.56484375 0.0328125 0.021875
17 0.48515625 0.46171875 0.0328125 0.059375
49 0.4765625 0.7 0.0375 0.0671875
11 0.31796875 0.43828125 0.0359375 0.059375
51 0.425 0.69453125 0.0421875 0.06875
32 0.05078125 0.3703125 0.0390625 0.059375
30 0.40078125 0.4515625 0.0359375 0.059375
35 0.3171875 0.44140625 0.0359375 0.0609375