2 0.31953125 0.43671875 0.0421875 0.0625
10 0.4015625 0.4484375 0.0359375 0.059375
4 0.484375 0.46328125 0.034375 0.065625
44 0.425 0.69453125 0.0390625 0.065625
37 0.4765625 0.7 0.034375 0.0640625
55 0.47734375 0.346875 0.03125 0.03125
58 0.52578125 0.31875 0.0296875 0.025
58 0.16015625 0.33828125 0.0546875 0.028125
58 0.08828125 0.621875 0.05625 0.0296875
58 0.87265625 0.440625 0.05625 0.034375
58 0.86171875 0.73046875 0.0578125 0.0359375
58 0.459375 0.79921875 0.059375 0.0375
57 0.51328125 0.41484375 0.1265625 0.0375
53 0.49296875 0.56171875 0.0453125 0.03125
56 0.75234375 0.84765625 0.39375 0.13125
53 0.74609375 0.44609375 0.0453125 0.028125