54 0.47890625 0.2453125 0.09375 0.0921875
58 0.55234375 0.796875 0.0625 0.0359375
58 0.834375 0.3265625 0.0546875 0.03125
57 0.48671875 0.41328125 0.128125 0.04375
58 0.46953125 0.31796875 0.0546875 0.03125
54 0.4265625 0.2546875 0.08125 0.0859375
54 0.79296875 0.2609375 0.084375 0.0875
58 0.915625 0.60625 0.0546875 0.03125
55 0.46171875 0.65078125 0.034375 0.0328125
54 0.8453125 0.253125 0.09375 0.0921875
58 0.146875 0.73984375 0.0265625 0.025
53 0.5125 0.559375 0.046875 0.0296875
36 0.4734375 0.46640625 0.0359375 0.0609375
34 0.55625 0.4515625 0.0359375 0.0578125
33 0.390625 0.48125 0.0359375 0.0609375
19 0.30625 0.49765625 0.034375 0.05625