57 0.4984375 0.4125 0.128125 0.0265625
31 0.91875 0.40625 0.0296875 0.05625
55 0.621875 0.34375 0.028125 0.0265625
58 0.221875 0.71796875 0.0359375 0.0234375
32 0.75390625 0.60234375 0.0328125 0.05625
52 0.80234375 0.6890625 0.046875 0.0203125
28 0.309375 0.47421875 0.03125 0.059375
42 0.56171875 0.4609375 0.0296875 0.05625
58 0.18828125 0.37734375 0.046875 0.0234375
58 0.08125 0.5421875 0.046875 0.0234375
58 0.39375 0.32265625 0.0484375 0.025
58 0.92265625 0.4984375 0.0484375 0.025
58 0.58984375 0.3109375 0.0359375 0.0234375
44 0.87421875 0.41328125 0.03125 0.05625
58 0.515625 0.80234375 0.053125 0.0296875
33 0.478125 0.46484375 0.028125 0.059375
26 0.64609375 0.45625 0.0296875 0.05625
12 0.79921875 0.596875 0.0296875 0.0578125
4 0.79921875 0.596875 0.0296875 0.0578125
29 0.3921875 0.46953125 0.0265625 0.059375