32 0.4265625 0.69609375 0.0390625 0.065625
0 0.48515625 0.46171875 0.0359375 0.0625
57 0.51328125 0.41484375 0.128125 0.0359375
53 0.39609375 0.5765625 0.034375 0.025
55 0.16328125 0.4953125 0.03125 0.03125
52 0.52734375 0.31953125 0.05 0.0265625
44 0.40078125 0.4515625 0.0359375 0.0609375
52 0.459375 0.80078125 0.0546875 0.03125
52 0.91484375 0.58203125 0.05 0.0265625
53 0.49140625 0.56328125 0.0453125 0.028125
22 0.096875 0.37265625 0.0359375 0.059375
29 0.31640625 0.4375 0.034375 0.0625
58 0.07890625 0.46328125 0.053125 0.028125
51 0.56875 0.4734375 0.0359375 0.0609375
38 0.0515625 0.36875 0.034375 0.0578125
6 0.93125 0.48828125 0.0375 0.059375
15 0.88359375 0.4859375 0.0390625 0.0578125
46 0.4765625 0.6984375 0.0375 0.0625
50 0.65390625 0.48515625 0.034375 0.059375