57 0.503125 0.4125 0.115625 0.01875
54 0.9125 0.61328125 0.0796875 0.0796875
54 0.85625 0.6125 0.065625 0.075
53 0.49921875 0.5640625 0.0296875 0.01875
55 0.209375 0.39296875 0.0265625 0.0265625
39 0.39609375 0.4625 0.028125 0.05625
18 0.48046875 0.4640625 0.028125 0.05625
53 0.50234375 0.625 0.021875 0.01875
58 0.8875 0.68359375 0.034375 0.021875
58 0.10625 0.67109375 0.0484375 0.0234375
58 0.77578125 0.3625 0.0484375 0.0234375
58 0.22890625 0.35 0.0328125 0.021875
33 0.44921875 0.70390625 0.028125 0.059375
58 0.49609375 0.8015625 0.040625 0.0234375
17 0.5015625 0.7 0.028125 0.059375
7 0.31171875 0.4609375 0.0296875 0.0578125