55 0.78046875 0.40546875 0.0296875 0.028125
58 0.4859375 0.8046875 0.0390625 0.0234375
58 0.5109375 0.31875 0.0359375 0.0234375
58 0.1484375 0.3703125 0.0375 0.0234375
58 0.10078125 0.659375 0.040625 0.0234375
57 0.50625 0.4140625 0.1171875 0.0265625
58 0.88203125 0.7 0.0375 0.021875
52 0.86640625 0.40625 0.046875 0.021875
20 0.31328125 0.45703125 0.03125 0.0609375
35 0.3953125 0.46015625 0.0296875 0.0578125
47 0.48125 0.46640625 0.0296875 0.0578125
3 0.5671875 0.4703125 0.03125 0.05625
12 0.6515625 0.475 0.028125 0.0609375
33 0.82578125 0.31484375 0.0265625 0.05
31 0.87421875 0.31640625 0.0328125 0.0578125
48 0.15625 0.27890625 0.03125 0.05625
49 0.109375 0.27734375 0.03125 0.0515625