12 0.06875 0.4953125 0.0375 0.0609375
57 0.48515625 0.4140625 0.1265625 0.0375
52 0.46953125 0.31953125 0.0515625 0.028125
32 0.59765625 0.4484375 0.0390625 0.0625
58 0.546875 0.79765625 0.059375 0.034375
55 0.17578125 0.5921875 0.03125 0.03125
53 0.51015625 0.56328125 0.0453125 0.0265625
8 0.68125 0.43515625 0.0359375 0.0609375
51 0.43125 0.47265625 0.0375 0.0609375
35 0.49921875 0.2234375 0.0359375 0.0578125
31 0.5140625 0.4609375 0.0359375 0.0625
58 0.91875 0.45546875 0.053125 0.0296875
58 0.08515625 0.5875 0.059375 0.0296875
27 0.115625 0.49140625 0.0390625 0.0609375
27 0.115625 0.49140625 0.0390625 0.0609375
14 0.45234375 0.22734375 0.034375 0.059375