55 0.78515625 0.4203125 0.0296875 0.0296875
52 0.09296875 0.6375 0.0453125 0.021875
54 0.9015625 0.36015625 0.0890625 0.0890625
54 0.846875 0.35390625 0.078125 0.08125
58 0.8703125 0.42890625 0.0609375 0.03125
53 0.49453125 0.565625 0.0421875 0.021875
58 0.86953125 0.71953125 0.0609375 0.0265625
54 0.84453125 0.64453125 0.06875 0.075
58 0.46953125 0.803125 0.06875 0.0328125
54 0.90078125 0.65078125 0.0890625 0.0828125
57 0.51015625 0.41484375 0.128125 0.0296875
58 0.51875 0.31953125 0.0625 0.028125
16 0.315625 0.44609375 0.034375 0.0578125
35 0.39765625 0.45625 0.034375 0.059375
36 0.48359375 0.465625 0.03125 0.059375
53 0.759375 0.621875 0.0421875 0.021875