54 0.50703125 0.24609375 0.084375 0.0828125
54 0.86484375 0.5859375 0.06875 0.08125
54 0.921875 0.58046875 0.084375 0.0828125
52 0.12265625 0.70625 0.0453125 0.0203125
54 0.453125 0.25078125 0.0734375 0.0796875
55 0.784375 0.60546875 0.0328125 0.0296875
54 0.87109375 0.29375 0.0875 0.0875
54 0.81484375 0.29765625 0.0734375 0.0828125
53 0.5078125 0.565625 0.040625 0.021875
58 0.4875 0.31953125 0.0640625 0.0265625
58 0.90234375 0.65234375 0.0609375 0.025
57 0.496875 0.4140625 0.1296875 0.028125
58 0.52265625 0.80390625 0.06875 0.03125
58 0.85234375 0.365625 0.0609375 0.03125
58 0.13515625 0.4140625 0.0609375 0.0265625
4 0.309375 0.48046875 0.0296875 0.0578125
17 0.39296875 0.47265625 0.03125 0.059375
32 0.47734375 0.4671875 0.0296875 0.059375
24 0.56171875 0.4625 0.028125 0.0578125