12 0.91484375 0.384375 0.034375 0.0625
57 0.4921875 0.4125 0.1265625 0.0296875
28 0.30859375 0.484375 0.034375 0.0609375
4 0.52578125 0.7 0.0375 0.0671875
52 0.53203125 0.8015625 0.0546875 0.0296875
55 0.83671875 0.50546875 0.03125 0.0296875
58 0.48125 0.31953125 0.0515625 0.0265625
8 0.56015625 0.459375 0.034375 0.0609375
36 0.87109375 0.3953125 0.0359375 0.0625
53 0.50703125 0.5640625 0.0421875 0.0234375
58 0.921875 0.47890625 0.0609375 0.0265625
58 0.084375 0.5671875 0.053125 0.0265625
23 0.64375 0.4484375 0.0328125 0.059375
27 0.47578125 0.46640625 0.0328125 0.0609375
25 0.475 0.70859375 0.034375 0.0625
5 0.4765625 0.70859375 0.0328125 0.0609375
14 0.3921875 0.4765625 0.0328125 0.0609375