34 0.11953125 0.44609375 0.03125 0.05625
57 0.496875 0.4125 0.1359375 0.0234375
0 0.6875 0.459375 0.03125 0.0609375
23 0.603125 0.46171875 0.0296875 0.059375
55 0.56875 0.64140625 0.028125 0.028125
50 0.9125 0.41328125 0.028125 0.0578125
52 0.4921875 0.3171875 0.046875 0.0234375
8 0.43515625 0.46796875 0.0296875 0.059375
28 0.34921875 0.46953125 0.0296875 0.0609375
58 0.51015625 0.8015625 0.071875 0.03125
52 0.91953125 0.50546875 0.0453125 0.0203125
52 0.07890625 0.53671875 0.0484375 0.0203125
53 0.5953125 0.5875 0.0515625 0.021875
53 0.50234375 0.565625 0.040625 0.021875
7 0.4875 0.2234375 0.0296875 0.05625
11 0.07421875 0.44296875 0.03125 0.05625
38 0.51875 0.46328125 0.028125 0.0578125
33 0.5328125 0.2265625 0.028125 0.05625
55 0.68046875 0.5609375 0.021875 0.021875
39 0.96015625 0.41640625 0.0296875 0.05625
40 0.55234375 0.7046875 0.0296875 0.059375