12 0.509375 0.7 0.034375 0.065625
57 0.4921875 0.4125 0.1359375 0.028125
32 0.559375 0.70078125 0.0359375 0.0625
52 0.51953125 0.80078125 0.05625 0.0296875
55 0.83671875 0.51875 0.03125 0.028125
52 0.4875 0.31796875 0.05 0.025
53 0.5984375 0.58203125 0.046875 0.025
58 0.08046875 0.553125 0.0609375 0.0265625
58 0.92109375 0.49375 0.053125 0.028125
5 0.47734375 0.22578125 0.0296875 0.0578125
53 0.5046875 0.5640625 0.04375 0.0234375
9 0.34921875 0.47421875 0.03125 0.059375
50 0.43359375 0.4671875 0.0328125 0.059375
35 0.11796875 0.459375 0.034375 0.05625
41 0.5234375 0.22578125 0.03125 0.05625
19 0.6859375 0.45078125 0.0359375 0.059375
8 0.07265625 0.4578125 0.0328125 0.0578125
35 0.11796875 0.459375 0.0359375 0.059375
41 0.5234375 0.22578125 0.03125 0.05625
25 0.51796875 0.4625 0.0296875 0.059375
16 0.6015625 0.45703125 0.0328125 0.0609375