55 0.76953125 0.36328125 0.0296875 0.0296875
58 0.0859375 0.57578125 0.0515625 0.025
58 0.5375 0.80234375 0.0578125 0.03125
58 0.9203125 0.4734375 0.0515625 0.028125
33 0.425 0.23515625 0.0328125 0.05625
47 0.46953125 0.2265625 0.0328125 0.0578125
57 0.490625 0.41328125 0.1265625 0.034375
58 0.76015625 0.3265625 0.05 0.0265625
58 0.47734375 0.3171875 0.05 0.028125
58 0.8125 0.67265625 0.046875 0.0265625
53 0.5078125 0.56328125 0.04375 0.0234375
32 0.3921875 0.47890625 0.0328125 0.0578125
27 0.64296875 0.44609375 0.0328125 0.0609375
35 0.16640625 0.3078125 0.034375 0.0578125
15 0.2109375 0.29921875 0.034375 0.059375
2 0.30625 0.4890625 0.034375 0.059375
41 0.47578125 0.46953125 0.034375 0.0609375
4 0.5609375 0.4609375 0.034375 0.0625
52 0.2203125 0.39140625 0.046875 0.025