57 0.48515625 0.415625 0.115625 0.0375
52 0.4703125 0.32109375 0.05 0.028125
47 0.3078125 0.49765625 0.0375 0.0625
55 0.46171875 0.65234375 0.03125 0.03125
58 0.55390625 0.7984375 0.040625 0.028125
58 0.08984375 0.59609375 0.0390625 0.0265625
21 0.4734375 0.46796875 0.0359375 0.059375
53 0.5109375 0.56328125 0.034375 0.025
27 0.390625 0.4828125 0.0359375 0.059375
46 0.4109375 0.23828125 0.0375 0.059375
45 0.03125 0.5140625 0.0375 0.059375
27 0.390625 0.484375 0.0359375 0.0609375
8 0.45546875 0.22890625 0.0375 0.0625
52 0.575 0.2390625 0.0515625 0.025
18 0.078125 0.5015625 0.0359375 0.059375