26 0.9109375 0.40625 0.0296875 0.05625
12 0.51875 0.46328125 0.03125 0.0609375
57 0.49375 0.4125 0.1359375 0.025
55 0.8359375 0.5234375 0.0296875 0.028125
52 0.5140625 0.8015625 0.05625 0.028125
18 0.071875 0.45078125 0.03125 0.05625
52 0.91953125 0.4984375 0.046875 0.021875
53 0.596875 0.5859375 0.0421875 0.021875
47 0.95859375 0.40859375 0.03125 0.059375
58 0.0796875 0.5453125 0.059375 0.025
53 0.503125 0.5640625 0.04375 0.0203125
35 0.603125 0.46015625 0.034375 0.059375
11 0.603125 0.46015625 0.034375 0.059375
46 0.5578125 0.70078125 0.0328125 0.0609375
55 0.63125 0.55859375 0.0234375 0.021875
55 0.6078125 0.56015625 0.0234375 0.0265625
10 0.50546875 0.7 0.0328125 0.0625
7 0.68515625 0.45546875 0.03125 0.05625
17 0.11875 0.45390625 0.0296875 0.05625