12 0.51953125 0.69921875 0.0375 0.0671875
57 0.4875 0.41328125 0.1359375 0.034375
32 0.56953125 0.69765625 0.0390625 0.0640625
52 0.53515625 0.79921875 0.0578125 0.0328125
55 0.83671875 0.50078125 0.0328125 0.0296875
52 0.47734375 0.31875 0.05 0.028125
53 0.60234375 0.57734375 0.046875 0.0265625
58 0.084375 0.575 0.0609375 0.0296875
58 0.9203125 0.471875 0.0546875 0.03125
5 0.46328125 0.22734375 0.0328125 0.059375
53 0.5078125 0.56328125 0.04375 0.025
9 0.3484375 0.48203125 0.0328125 0.0609375
50 0.43203125 0.4703125 0.034375 0.0609375
35 0.11640625 0.4796875 0.0375 0.0578125
41 0.50859375 0.225 0.034375 0.0578125
19 0.68359375 0.44140625 0.0375 0.0609375
8 0.07109375 0.48046875 0.0359375 0.059375
35 0.11640625 0.4796875 0.0375 0.0609375
41 0.50859375 0.225 0.034375 0.0578125
25 0.515625 0.46171875 0.03125 0.0609375
16 0.59921875 0.4515625 0.034375 0.0625