39 0.4890625 0.6984375 0.034375 0.0625
57 0.509375 0.41328125 0.1234375 0.0265625
52 0.48046875 0.80078125 0.05625 0.0296875
52 0.5140625 0.31796875 0.05 0.025
32 0.4390625 0.69921875 0.0359375 0.0609375
12 0.56796875 0.46875 0.034375 0.0609375
9 0.52265625 0.22421875 0.0296875 0.0578125
49 0.48203125 0.4625 0.03125 0.0609375
55 0.4671875 0.34765625 0.028125 0.0296875
53 0.4953125 0.5640625 0.04375 0.0234375
17 0.3125 0.45078125 0.03125 0.0609375
44 0.3984375 0.45703125 0.0328125 0.059375
58 0.07890625 0.49375 0.0515625 0.0265625
58 0.92109375 0.553125 0.0578125 0.0234375
41 0.47734375 0.22421875 0.0296875 0.05625
7 0.92890625 0.45625 0.0328125 0.0578125
17 0.3140625 0.45078125 0.03125 0.059375
23 0.88203125 0.459375 0.028125 0.0515625