32 0.48359375 0.709375 0.0390625 0.065625
0 0.475 0.4671875 0.0359375 0.0625
57 0.48984375 0.41484375 0.128125 0.0359375
53 0.42109375 0.60234375 0.034375 0.025
52 0.47578125 0.31875 0.05 0.0265625
52 0.54375 0.8 0.0546875 0.03125
44 0.39140625 0.48046875 0.034375 0.0609375
52 0.92109375 0.46484375 0.05 0.0265625
55 0.175 0.58828125 0.03125 0.03125
53 0.50859375 0.56328125 0.0453125 0.028125
29 0.30625 0.490625 0.034375 0.0625
22 0.07734375 0.48828125 0.0359375 0.059375
58 0.08515625 0.58203125 0.0515625 0.0265625
51 0.55859375 0.45546875 0.0359375 0.0609375
38 0.0328125 0.49765625 0.034375 0.0578125
6 0.9109375 0.36953125 0.0375 0.059375
15 0.86484375 0.38046875 0.0390625 0.0578125
46 0.5328125 0.69765625 0.0375 0.0625
50 0.64375 0.44375 0.034375 0.059375