54 0.82421875 0.3609375 0.0859375 0.0859375
55 0.196875 0.40859375 0.034375 0.03125
58 0.83828125 0.43359375 0.0375 0.025
58 0.18125 0.3640625 0.0375 0.025
58 0.46796875 0.8015625 0.04375 0.0328125
57 0.50859375 0.41484375 0.10625 0.0296875
54 0.878125 0.3671875 0.075 0.0796875
56 0.1828125 0.77734375 0.365625 0.1171875
53 0.49296875 0.565625 0.025 0.021875
4 0.5234375 0.46796875 0.0328125 0.0609375
42 0.69296875 0.4875 0.03125 0.05625
20 0.6078125 0.478125 0.0328125 0.059375
41 0.525 0.70859375 0.0328125 0.059375
47 0.47578125 0.7 0.0359375 0.0640625