57 0.496875 0.4125 0.1265625 0.0203125
58 0.21328125 0.7125 0.05 0.025
53 0.50078125 0.565625 0.0453125 0.0234375
52 0.18828125 0.36953125 0.046875 0.0234375
58 0.3984375 0.321875 0.0515625 0.0234375
58 0.80390625 0.35859375 0.05 0.0265625
58 0.07734375 0.53046875 0.0546875 0.025
55 0.8 0.40234375 0.0265625 0.0265625
58 0.91875 0.51796875 0.0515625 0.0234375
53 0.59375 0.5890625 0.04375 0.0203125
58 0.59375 0.3171875 0.0515625 0.0234375
10 0.68828125 0.4609375 0.028125 0.0546875
58 0.79296875 0.703125 0.0234375 0.021875
52 0.50390625 0.8015625 0.0546875 0.028125
16 0.51953125 0.4640625 0.028125 0.05625
46 0.49921875 0.7015625 0.0296875 0.059375
47 0.55078125 0.70234375 0.0328125 0.059375
47 0.55078125 0.70390625 0.03125 0.059375
15 0.60390625 0.4625 0.028125 0.05625
24 0.18515625 0.27421875 0.0296875 0.0546875
25 0.23203125 0.278125 0.025 0.0515625
30 0.84609375 0.2671875 0.025 0.053125
28 0.79921875 0.26484375 0.0296875 0.0546875