55 0.796875 0.44296875 0.0296875 0.0296875
58 0.08125 0.45859375 0.0515625 0.0265625
58 0.45234375 0.80078125 0.0578125 0.0328125
58 0.9109375 0.590625 0.053125 0.0296875
33 0.50078125 0.225 0.034375 0.05625
47 0.54609375 0.22890625 0.034375 0.0578125
57 0.51484375 0.4140625 0.1265625 0.0375
58 0.7984375 0.4046875 0.0515625 0.028125
58 0.52890625 0.31796875 0.0515625 0.0296875
58 0.753125 0.75234375 0.0484375 0.028125
53 0.48984375 0.56328125 0.0453125 0.025
32 0.40234375 0.45 0.034375 0.0578125
27 0.65234375 0.4875 0.0359375 0.0609375
35 0.23203125 0.2234375 0.0359375 0.0578125
15 0.27734375 0.22734375 0.0359375 0.059375
2 0.3171875 0.4359375 0.0359375 0.059375
41 0.48515625 0.4640625 0.0375 0.0609375
4 0.56953125 0.4796875 0.0375 0.0625
52 0.26171875 0.31796875 0.0484375 0.0265625