33 0.459375 0.228125 0.0296875 0.05625
45 0.0359375 0.434375 0.03125 0.05625
21 0.0828125 0.43125 0.0265625 0.059375
13 0.3953125 0.4671875 0.0265625 0.05625
17 0.878125 0.434375 0.0265625 0.0515625
18 0.925 0.43125 0.025 0.053125
22 0.4796875 0.4671875 0.028125 0.05625
2 0.5640625 0.4671875 0.0265625 0.05625
47 0.6484375 0.4671875 0.025 0.05625
8 0.503125 0.2265625 0.028125 0.059375
32 0.3109375 0.4671875 0.0296875 0.059375
58 0.08125 0.5265625 0.0359375 0.0234375
58 0.5 0.8046875 0.028125 0.025
52 0.5015625 0.3203125 0.0484375 0.021875
52 0.921875 0.525 0.05 0.021875
57 0.5015625 0.415625 0.1109375 0.0203125
53 0.5 0.5671875 0.03125 0.01875
53 0.409375 0.5921875 0.0140625 0.01875
55 0.45625 0.3546875 0.03125 0.03125