54 0.2109375 0.27421875 0.06875 0.075
54 0.05234375 0.4359375 0.0703125 0.078125
54 0.10703125 0.4359375 0.08125 0.08125
54 0.265625 0.27734375 0.08125 0.0828125
36 0.3140625 0.4578125 0.0296875 0.059375
58 0.4890625 0.803125 0.0671875 0.028125
58 0.24140625 0.346875 0.0578125 0.025
55 0.290625 0.63203125 0.0265625 0.0265625
58 0.784375 0.36796875 0.05625 0.0234375
58 0.5078125 0.31875 0.0515625 0.025
58 0.91953125 0.53671875 0.0625 0.0234375
58 0.08046875 0.50703125 0.05625 0.0234375
58 0.78359375 0.71484375 0.059375 0.0234375
58 0.20390625 0.69453125 0.05 0.0234375
29 0.396875 0.46015625 0.0265625 0.059375
37 0.565625 0.46484375 0.0265625 0.0578125
53 0.49765625 0.5625 0.040625 0.0203125
58 0.484375 0.58671875 0.01875 0.025
27 0.48125 0.46484375 0.0265625 0.0578125
57 0.5046875 0.415625 0.125 0.021875