57 0.50625 0.4125 0.1265625 0.025
31 0.92578125 0.44296875 0.028125 0.05625
55 0.63515625 0.3546875 0.028125 0.0265625
58 0.20390625 0.69296875 0.034375 0.0234375
32 0.74453125 0.62421875 0.03125 0.05625
52 0.78515625 0.71484375 0.0453125 0.01875
28 0.3125 0.4578125 0.0296875 0.059375
42 0.565625 0.46640625 0.028125 0.05625
58 0.2 0.35 0.0453125 0.0234375
58 0.07890625 0.50546875 0.0453125 0.0234375
58 0.409375 0.3140625 0.046875 0.0234375
58 0.92109375 0.53515625 0.046875 0.0234375
58 0.60625 0.31953125 0.034375 0.0234375
44 0.88046875 0.44609375 0.0296875 0.05625
58 0.4890625 0.803125 0.053125 0.028125
33 0.48125 0.46328125 0.0265625 0.059375
26 0.64921875 0.46953125 0.028125 0.05625
12 0.78984375 0.62265625 0.028125 0.0578125
4 0.78984375 0.62265625 0.028125 0.0578125
29 0.3953125 0.46015625 0.025 0.059375