54 0.05546875 0.459375 0.0796875 0.08125
54 0.18828125 0.63984375 0.078125 0.0796875
58 0.07890625 0.52890625 0.05625 0.025
58 0.50390625 0.803125 0.0625 0.0265625
58 0.76328125 0.3515625 0.0484375 0.021875
58 0.21328125 0.709375 0.059375 0.021875
54 0.11015625 0.45859375 0.0671875 0.078125
58 0.91875 0.51484375 0.05625 0.0234375
54 0.24296875 0.6390625 0.065625 0.0765625
58 0.496875 0.31875 0.05 0.021875
58 0.21796875 0.3609375 0.05625 0.021875
58 0.79296875 0.7 0.0484375 0.021875
55 0.16171875 0.5375 0.028125 0.0265625
53 0.50078125 0.5640625 0.040625 0.01875
57 0.496875 0.4125 0.1234375 0.01875
25 0.68828125 0.4609375 0.028125 0.0578125
9 0.51953125 0.4640625 0.025 0.0578125
15 0.60390625 0.4625 0.028125 0.05625