58 0.79765625 0.69609375 0.0484375 0.021875
58 0.5109375 0.8046875 0.05625 0.0265625
52 0.49375 0.3171875 0.0484375 0.0234375
55 0.77890625 0.38515625 0.0296875 0.028125
58 0.92109375 0.50859375 0.034375 0.0234375
57 0.49375 0.4140625 0.1265625 0.0234375
58 0.07890625 0.53828125 0.0515625 0.0234375
58 0.2171875 0.36796875 0.05 0.0234375
58 0.76015625 0.346875 0.0484375 0.0234375
58 0.21484375 0.71640625 0.05 0.0234375
30 0.6875 0.459375 0.028125 0.0546875
24 0.603125 0.46328125 0.0265625 0.0578125
51 0.51875 0.46484375 0.028125 0.0578125
12 0.43515625 0.46796875 0.0265625 0.0578125
27 0.34921875 0.47265625 0.028125 0.05625
42 0.96015625 0.41796875 0.028125 0.0546875
37 0.91484375 0.41640625 0.0265625 0.05625
33 0.5328125 0.2296875 0.0265625 0.0546875
34 0.4859375 0.2265625 0.0296875 0.0546875