0 0.8984375 0.35703125 0.0359375 0.059375
48 0.5140625 0.4609375 0.0375 0.0640625
52 0.55078125 0.7984375 0.05625 0.0359375
34 0.6796875 0.43046875 0.0359375 0.059375
57 0.48359375 0.4140625 0.1234375 0.0359375
55 0.83671875 0.48203125 0.0328125 0.0328125
52 0.915625 0.44765625 0.046875 0.028125
52 0.46640625 0.3203125 0.0515625 0.028125
12 0.0703125 0.503125 0.0375 0.0625
20 0.115625 0.49921875 0.0390625 0.059375
53 0.6078125 0.57109375 0.0484375 0.028125
26 0.53046875 0.69765625 0.040625 0.065625
53 0.5109375 0.56328125 0.0453125 0.0265625
58 0.08671875 0.5953125 0.0578125 0.0296875
40 0.94296875 0.35078125 0.0375 0.0578125
19 0.58125 0.6921875 0.0421875 0.0671875
27 0.5796875 0.6921875 0.040625 0.065625
21 0.596875 0.44609375 0.0296875 0.059375