54 0.47734375 0.24453125 0.0703125 0.075
54 0.8921875 0.46328125 0.0703125 0.075
55 0.46171875 0.3484375 0.028125 0.028125
54 0.9453125 0.4671875 0.0828125 0.084375
57 0.503125 0.4125 0.115625 0.021875
54 0.53203125 0.24765625 0.084375 0.084375
53 0.4984375 0.6265625 0.0296875 0.0203125
58 0.4890625 0.803125 0.05625 0.028125
58 0.91953125 0.53828125 0.05 0.021875
53 0.81328125 0.51875 0.03125 0.0234375
58 0.50625 0.31875 0.053125 0.028125
58 0.07890625 0.50859375 0.0515625 0.025
18 0.44609375 0.7 0.03125 0.059375
16 0.49765625 0.7 0.0328125 0.0640625