22 0.5234375 0.465625 0.03125 0.0578125
57 0.5078125 0.4125 0.115625 0.0265625
55 0.16484375 0.51328125 0.03125 0.03125
23 0.60703125 0.4734375 0.034375 0.0609375
46 0.12890625 0.4 0.03125 0.0546875
53 0.49453125 0.5625 0.034375 0.0234375
44 0.0828125 0.39140625 0.03125 0.05625
31 0.4390625 0.45703125 0.03125 0.059375
58 0.5140625 0.31796875 0.0375 0.025
58 0.078125 0.48515625 0.034375 0.025
58 0.471875 0.8015625 0.0359375 0.025
52 0.915625 0.55703125 0.0453125 0.021875
24 0.69140625 0.48046875 0.0328125 0.0609375
16 0.353125 0.45390625 0.0296875 0.0578125