58 0.46796875 0.8015625 0.0546875 0.0296875
58 0.61875 0.32734375 0.0359375 0.0234375
55 0.64609375 0.36953125 0.0296875 0.0296875
42 0.5671875 0.47109375 0.0328125 0.059375
58 0.9171875 0.565625 0.046875 0.0265625
58 0.19140625 0.671875 0.0359375 0.0234375
58 0.078125 0.47734375 0.0484375 0.0265625
57 0.5109375 0.41328125 0.1265625 0.0296875
58 0.21171875 0.328125 0.0453125 0.0265625
44 0.8828125 0.47265625 0.034375 0.059375
53 0.49296875 0.5640625 0.04375 0.0234375
52 0.76796875 0.73359375 0.046875 0.025
32 0.73515625 0.640625 0.034375 0.059375
33 0.48359375 0.4625 0.0328125 0.0609375
28 0.315625 0.44453125 0.034375 0.0625
4 0.78046875 0.64140625 0.0328125 0.0609375
31 0.93046875 0.47265625 0.034375 0.059375
29 0.4 0.453125 0.03125 0.059375
4 0.78046875 0.64140625 0.0328125 0.0609375
58 0.42265625 0.3109375 0.0484375 0.0265625