0 0.4984375 0.7 0.0328125 0.0625
4 0.60390625 0.4625 0.028125 0.059375
48 0.68671875 0.4609375 0.0296875 0.0578125
57 0.496875 0.4125 0.1265625 0.01875
54 0.86875 0.6 0.0796875 0.0796875
54 0.9234375 0.59765625 0.065625 0.075
3 0.54921875 0.70234375 0.0328125 0.0609375
58 0.85703125 0.3796875 0.0453125 0.0234375
58 0.50546875 0.8 0.0546875 0.028125
53 0.50078125 0.5640625 0.04375 0.021875
58 0.4953125 0.315625 0.0515625 0.0234375
58 0.89375 0.67109375 0.0484375 0.0234375
55 0.22578125 0.628125 0.0296875 0.0265625
58 0.1125 0.68515625 0.0515625 0.025
58 0.1390625 0.3921875 0.05 0.0234375
7 0.51953125 0.4625 0.0265625 0.0578125