34 0.30859375 0.47890625 0.03125 0.0578125
12 0.9171875 0.39140625 0.0328125 0.059375
48 0.4765625 0.465625 0.0328125 0.0609375
57 0.49375 0.4125 0.1234375 0.0265625
52 0.528125 0.8 0.0546875 0.03125
0 0.078125 0.46640625 0.03125 0.059375
52 0.084375 0.55703125 0.046875 0.0234375
52 0.4859375 0.31796875 0.05 0.025
55 0.1703125 0.56953125 0.0328125 0.03125
30 0.5203125 0.69921875 0.034375 0.0625
53 0.4140625 0.596875 0.046875 0.0234375
20 0.87109375 0.4 0.034375 0.0578125
53 0.50546875 0.5640625 0.0453125 0.0234375
58 0.9234375 0.48515625 0.05625 0.025
31 0.64453125 0.45 0.03125 0.0609375
19 0.47109375 0.70625 0.0359375 0.065625
27 0.47265625 0.70625 0.0359375 0.0640625
26 0.521875 0.69921875 0.0328125 0.0609375
40 0.03359375 0.471875 0.03125 0.0546875
21 0.39296875 0.475 0.0265625 0.0578125
14 0.5609375 0.46015625 0.03125 0.05625