57 0.515625 0.4125 0.115625 0.040625
54 0.2359375 0.27109375 0.0734375 0.0734375
55 0.81640625 0.4953125 0.034375 0.0328125
56 0.17421875 0.75 0.3484375 0.14375
53 0.4734375 0.6234375 0.025 0.0234375
54 0.18125 0.26484375 0.090625 0.084375
58 0.44765625 0.796875 0.0453125 0.0328125
53 0.26640625 0.3921875 0.025 0.0203125
32 0.509375 0.7078125 0.040625 0.0625
58 0.1921875 0.3390625 0.0390625 0.028125
58 0.84296875 0.45546875 0.0375 0.028125
53 0.26796875 0.39375 0.025 0.0203125
40 0.4609375 0.69609375 0.0375 0.065625