12 0.5578125 0.45625 0.0375 0.0625
54 0.83125 0.58203125 0.0890625 0.0875
54 0.77734375 0.5921875 0.075 0.0828125
54 0.1015625 0.5109375 0.0890625 0.090625
54 0.04765625 0.52109375 0.078125 0.0828125
56 0.8234375 0.75703125 0.353125 0.1359375
58 0.54765625 0.79921875 0.065625 0.0375
49 0.30703125 0.4921875 0.034375 0.0625
57 0.4875 0.41328125 0.1359375 0.0375
58 0.08828125 0.5875 0.05 0.0296875
55 0.72578125 0.60546875 0.03125 0.0296875
58 0.91875 0.45546875 0.0640625 0.03125
58 0.21484375 0.39921875 0.0625 0.03125
58 0.8171875 0.65546875 0.0609375 0.03125
58 0.47265625 0.31953125 0.05 0.028125
58 0.75234375 0.31484375 0.0625 0.03125
58 0.246875 0.74765625 0.053125 0.0296875
14 0.390625 0.48125 0.0375 0.0609375
45 0.48515625 0.7078125 0.0375 0.0625
53 0.51015625 0.56328125 0.0546875 0.028125
25 0.47421875 0.46796875 0.034375 0.0609375
57 0.52578125 0.65390625 0.05 0.0265625
21 0.534375 0.6984375 0.0375 0.0625