39 0.48203125 0.69765625 0.0359375 0.0640625
57 0.5125 0.41328125 0.1234375 0.03125
52 0.4703125 0.8 0.0578125 0.0328125
52 0.5203125 0.31796875 0.05 0.0265625
32 0.43203125 0.696875 0.0375 0.0625
12 0.56875 0.47109375 0.0359375 0.0625
9 0.53203125 0.225 0.0328125 0.059375
49 0.48359375 0.4625 0.0328125 0.0625
55 0.471875 0.34609375 0.0296875 0.03125
53 0.49296875 0.5640625 0.04375 0.025
17 0.3140625 0.44453125 0.0328125 0.0625
44 0.4 0.453125 0.034375 0.0609375
58 0.0796875 0.4796875 0.0515625 0.028125
58 0.91875 0.5671875 0.0578125 0.0265625
41 0.48671875 0.2234375 0.0328125 0.0578125
7 0.93046875 0.47109375 0.0359375 0.059375
17 0.315625 0.44453125 0.0328125 0.0609375
23 0.8828125 0.47265625 0.0296875 0.0515625