24 0.31640625 0.44609375 0.0359375 0.0625
20 0.20234375 0.5765625 0.0390625 0.0609375
40 0.9296875 0.48515625 0.034375 0.059375
49 0.4 0.4546875 0.0328125 0.059375
26 0.56796875 0.475 0.03125 0.0578125
34 0.8828125 0.4828125 0.0359375 0.059375
23 0.4828125 0.46328125 0.034375 0.0578125
31 0.15703125 0.57578125 0.0359375 0.0609375
58 0.0796875 0.4734375 0.0546875 0.03125
58 0.521875 0.3234375 0.0390625 0.03125
58 0.79453125 0.39453125 0.04375 0.0265625
58 0.76328125 0.73984375 0.0390625 0.0265625
58 0.4640625 0.80390625 0.0453125 0.0296875
58 0.1875 0.67265625 0.05 0.028125
55 0.2796875 0.61640625 0.03125 0.03125
57 0.51015625 0.41796875 0.1140625 0.034375
52 0.9140625 0.57578125 0.05 0.028125