57 0.5015625 0.4140625 0.125 0.025
29 0.521875 0.46484375 0.0265625 0.0609375
55 0.55859375 0.64765625 0.028125 0.0265625
52 0.4875 0.803125 0.053125 0.0265625
58 0.103125 0.6625 0.05 0.0234375
22 0.48828125 0.7 0.03125 0.0625
58 0.50625 0.3171875 0.05 0.0234375
58 0.8828125 0.69140625 0.0515625 0.025
53 0.49765625 0.565625 0.0421875 0.021875
58 0.86171875 0.4 0.0515625 0.025
58 0.14453125 0.375 0.05 0.0234375
32 0.60625 0.46796875 0.0296875 0.0609375
31 0.90859375 0.3109375 0.03125 0.05625
10 0.68984375 0.4703125 0.028125 0.0578125
35 0.53828125 0.70625 0.0328125 0.0609375
25 0.4375 0.46484375 0.0265625 0.0578125
11 0.353125 0.46015625 0.0296875 0.0578125
7 0.86328125 0.3078125 0.0296875 0.05625