3 0.525 0.465625 0.034375 0.059375
54 0.85 0.646875 0.084375 0.084375
54 0.90625 0.65390625 0.0734375 0.08125
53 0.490625 0.56171875 0.0453125 0.025
42 0.60859375 0.47578125 0.0328125 0.0609375
57 0.509375 0.41328125 0.13125 0.034375
58 0.52265625 0.31875 0.0546875 0.0296875
58 0.86484375 0.71953125 0.0484375 0.0265625
58 0.090625 0.62734375 0.0546875 0.0296875
58 0.46328125 0.79921875 0.0609375 0.0328125
55 0.78671875 0.421875 0.0296875 0.0296875
58 0.86875 0.43046875 0.0515625 0.028125
25 0.6921875 0.4859375 0.0296875 0.059375