57 0.51640625 0.415625 0.128125 0.0421875
54 0.61015625 0.2640625 0.08125 0.0859375
54 0.6640625 0.2734375 0.0921875 0.0953125
54 0.88984375 0.51953125 0.0796875 0.0828125
54 0.9453125 0.5296875 0.0890625 0.0890625
55 0.3984375 0.3296875 0.03125 0.03125
58 0.91015625 0.59296875 0.053125 0.0296875
58 0.7515625 0.74921875 0.053125 0.0296875
58 0.62890625 0.33671875 0.0546875 0.0328125
58 0.44765625 0.796875 0.059375 0.0359375
58 0.82734375 0.41640625 0.028125 0.0265625
58 0.18046875 0.6484375 0.0265625 0.025
27 0.3203125 0.43203125 0.0359375 0.059375
53 0.4890625 0.56328125 0.046875 0.028125
58 0.43671875 0.303125 0.0546875 0.03125
58 0.22265625 0.31015625 0.053125 0.0328125
58 0.084375 0.44765625 0.028125 0.0265625
40 0.4859375 0.4609375 0.0375 0.0640625
31 0.403125 0.44609375 0.0359375 0.0609375
31 0.403125 0.44609375 0.0359375 0.0609375