23 0.4796875 0.4640625 0.0296875 0.05625
42 0.3953125 0.4625 0.0265625 0.0578125
52 0.5015625 0.8015625 0.0515625 0.0265625
38 0.503125 0.6984375 0.0296875 0.059375
57 0.5015625 0.4125 0.125 0.0171875
55 0.165625 0.540625 0.028125 0.0265625
52 0.5015625 0.3171875 0.0484375 0.0203125
52 0.0796875 0.5203125 0.046875 0.0203125
58 0.921875 0.5234375 0.059375 0.0203125
53 0.5015625 0.5640625 0.04375 0.0203125
45 0.453125 0.7015625 0.0296875 0.059375
11 0.6484375 0.4640625 0.0296875 0.05625
36 0.0390625 0.43125 0.0265625 0.0546875
37 0.925 0.428125 0.0265625 0.05625
35 0.878125 0.4328125 0.0296875 0.0546875
17 0.3109375 0.4625 0.0265625 0.0578125
25 0.3109375 0.4640625 0.0265625 0.05625
24 0.565625 0.4640625 0.028125 0.059375
36 0.0375 0.43125 0.028125 0.05625
15 0.084375 0.4265625 0.028125 0.05625
16 0.565625 0.4640625 0.028125 0.059375