57 0.4859375 0.41328125 0.1265625 0.0359375
54 0.20703125 0.6734375 0.0875 0.0875
54 0.16953125 0.32890625 0.0890625 0.0890625
54 0.2609375 0.66484375 0.0734375 0.08125
54 0.22578125 0.32109375 0.078125 0.084375
13 0.51640625 0.46171875 0.03125 0.059375
47 0.5984375 0.45 0.034375 0.0609375
58 0.5421875 0.8 0.05625 0.0328125
58 0.240625 0.74296875 0.0375 0.025
58 0.91796875 0.46484375 0.05 0.0265625
58 0.2046875 0.39609375 0.0546875 0.03125
53 0.50703125 0.56328125 0.04375 0.025
58 0.74140625 0.32109375 0.0375 0.025
58 0.475 0.3203125 0.053125 0.028125
58 0.81484375 0.6625 0.05 0.028125
55 0.58359375 0.63359375 0.0296875 0.0265625
15 0.34765625 0.48515625 0.034375 0.0578125
50 0.43125 0.4734375 0.034375 0.0578125
5 0.68203125 0.43828125 0.034375 0.059375