32 0.6921875 0.496875 0.0375 0.0609375
29 0.61015625 0.484375 0.034375 0.0609375
30 0.52734375 0.46953125 0.0328125 0.0546875
4 0.4421875 0.4578125 0.0359375 0.059375
2 0.35859375 0.44453125 0.034375 0.0578125
24 0.3046875 0.23515625 0.0359375 0.05625
0 0.25859375 0.22421875 0.0375 0.0578125
19 0.13671875 0.37734375 0.0359375 0.0546875
17 0.09375 0.36640625 0.0296875 0.05625
47 0.2359375 0.5765625 0.0359375 0.059375
11 0.19296875 0.56875 0.034375 0.059375
21 0.81171875 0.66796875 0.0328125 0.05625
22 0.76328125 0.65703125 0.0359375 0.0546875
55 0.5390625 0.6546875 0.028125 0.025
57 0.51171875 0.41796875 0.128125 0.040625
58 0.7828125 0.40234375 0.0546875 0.028125
58 0.45390625 0.80234375 0.065625 0.034375
58 0.0796875 0.45859375 0.040625 0.03125
53 0.578125 0.60546875 0.03125 0.025
53 0.48984375 0.56640625 0.04375 0.0234375
53 0.39296875 0.5765625 0.0328125 0.0203125
52 0.753125 0.74921875 0.0484375 0.0265625
52 0.18046875 0.66015625 0.05 0.0265625
52 0.24765625 0.31796875 0.05 0.0265625