12 0.5625 0.45859375 0.03125 0.0609375
57 0.4921875 0.4125 0.128125 0.028125
49 0.30859375 0.48046875 0.0296875 0.0578125
58 0.5265625 0.80078125 0.0546875 0.03125
37 0.39296875 0.4734375 0.028125 0.0578125
55 0.1703125 0.57109375 0.0296875 0.0296875
38 0.4765625 0.465625 0.03125 0.05625
53 0.50546875 0.5640625 0.0421875 0.021875
52 0.48515625 0.31640625 0.0484375 0.0265625
52 0.0828125 0.55859375 0.0484375 0.025
36 0.03359375 0.4734375 0.0328125 0.0578125
52 0.921875 0.48359375 0.046875 0.021875
8 0.64609375 0.45234375 0.0328125 0.059375
51 0.0796875 0.46484375 0.034375 0.059375
1 0.9171875 0.39140625 0.03125 0.05625
16 0.87109375 0.403125 0.0296875 0.0546875