22 0.3984375 0.45703125 0.0296875 0.0578125
31 0.88203125 0.4578125 0.0328125 0.0578125
4 0.56640625 0.4703125 0.03125 0.0609375
19 0.2078125 0.24609375 0.03125 0.05625
1 0.48203125 0.4625 0.0296875 0.0609375
52 0.91953125 0.5515625 0.0484375 0.0234375
51 0.3140625 0.44921875 0.0328125 0.059375
57 0.50625 0.4125 0.1359375 0.0265625
58 0.47890625 0.80234375 0.0671875 0.03125
58 0.2453125 0.33984375 0.05 0.0265625
58 0.08046875 0.49296875 0.059375 0.0265625
55 0.7890625 0.415625 0.0265625 0.0265625
58 0.5140625 0.31953125 0.0515625 0.025
58 0.19609375 0.68359375 0.05 0.0265625
58 0.77578125 0.72421875 0.0609375 0.025
48 0.65234375 0.475 0.0328125 0.059375
58 0.790625 0.3765625 0.0546875 0.0234375
58 0.7875 0.37734375 0.0546875 0.025
53 0.4953125 0.5640625 0.0515625 0.0234375
49 0.92734375 0.459375 0.028125 0.0546875
18 0.2546875 0.24609375 0.028125 0.053125
29 0.92734375 0.4609375 0.028125 0.0546875