54 0.859375 0.6078125 0.065625 0.0765625
54 0.078125 0.60625 0.0640625 0.075
54 0.9140625 0.6078125 0.078125 0.078125
55 0.790625 0.403125 0.0265625 0.0265625
54 0.796875 0.2828125 0.078125 0.078125
54 0.7421875 0.284375 0.0640625 0.0734375
40 0.4546875 0.7015625 0.0296875 0.0609375
54 0.134375 0.60625 0.075 0.0765625
58 0.8890625 0.678125 0.046875 0.021875
58 0.228125 0.359375 0.034375 0.021875
57 0.5015625 0.4109375 0.1125 0.0171875
58 0.1109375 0.6828125 0.0359375 0.0203125
53 0.5 0.5625 0.03125 0.0203125
3 0.3109375 0.4640625 0.0265625 0.0578125
32 0.3953125 0.4625 0.028125 0.0578125
58 0.5 0.8 0.0390625 0.025
50 0.5046875 0.6984375 0.028125 0.059375
4 0.4796875 0.4640625 0.0265625 0.059375
27 0.5640625 0.4671875 0.025 0.0546875
25 0.6484375 0.4640625 0.025 0.05625
50 0.5046875 0.6984375 0.0296875 0.059375
24 0.4796875 0.4640625 0.025 0.059375
58 0.7734375 0.3578125 0.03125 0.0203125