57 0.5015625 0.4125 0.128125 0.01875
54 0.0484375 0.45 0.06875 0.075
54 0.1046875 0.45 0.078125 0.078125
53 0.5 0.5625 0.04375 0.0203125
54 0.9421875 0.4484375 0.078125 0.075
39 0.3109375 0.4609375 0.0265625 0.059375
58 0.5 0.8 0.059375 0.0265625
55 0.4359375 0.6421875 0.0296875 0.028125
54 0.8890625 0.4484375 0.065625 0.071875
58 0.4015625 0.315625 0.05 0.0234375
58 0.8078125 0.3578125 0.05 0.0234375
58 0.9203125 0.51875 0.0515625 0.021875
58 0.078125 0.5203125 0.046875 0.021875
58 0.1921875 0.359375 0.0515625 0.0234375
53 0.81875 0.5078125 0.0421875 0.0203125
58 0.5984375 0.315625 0.0515625 0.0234375
42 0.3953125 0.4609375 0.0265625 0.05625
43 0.4796875 0.4625 0.0265625 0.0546875