57 0.4890625 0.41328125 0.1296875 0.0375
54 0.053125 0.5046875 0.0875 0.0875
54 0.1078125 0.49765625 0.075 0.08125
54 0.9421875 0.39375 0.075 0.0765625
54 0.8859375 0.39921875 0.084375 0.0828125
53 0.5078125 0.56328125 0.025 0.021875
52 0.91875 0.471875 0.046875 0.0234375
58 0.20625 0.39296875 0.0375 0.0265625
58 0.8125 0.67109375 0.0484375 0.0265625
58 0.5359375 0.80234375 0.0421875 0.0296875
53 0.69765625 0.5703125 0.025 0.0234375
58 0.23671875 0.74140625 0.0359375 0.025
58 0.478125 0.3203125 0.0390625 0.0265625
53 0.81640625 0.4609375 0.0328125 0.0234375
53 0.18359375 0.5390625 0.0328125 0.0203125
58 0.0859375 0.57578125 0.034375 0.025