9 0.47890625 0.465625 0.025 0.0578125
57 0.5 0.4140625 0.125 0.0203125
12 0.56328125 0.46484375 0.028125 0.059375
43 0.64765625 0.46171875 0.0296875 0.0578125
31 0.74921875 0.6109375 0.0296875 0.0578125
58 0.50703125 0.8046875 0.0609375 0.028125
35 0.8765625 0.4265625 0.03125 0.0546875
55 0.83984375 0.525 0.028125 0.0265625
58 0.08203125 0.52890625 0.0578125 0.025
58 0.23203125 0.3625 0.0484375 0.025
58 0.21484375 0.709375 0.05 0.025
58 0.4984375 0.31875 0.05 0.025
58 0.79296875 0.7 0.0578125 0.0234375
58 0.77734375 0.353125 0.05625 0.0234375
58 0.921875 0.51484375 0.05625 0.0234375
15 0.39453125 0.465625 0.028125 0.059375
25 0.31015625 0.4671875 0.0265625 0.0578125
21 0.7953125 0.60859375 0.0265625 0.0515625
25 0.31015625 0.4671875 0.0265625 0.0578125
53 0.50078125 0.5640625 0.0421875 0.0203125
45 0.9234375 0.42421875 0.025 0.0515625