0 0.915625 0.42109375 0.028125 0.05625
48 0.51953125 0.4640625 0.0296875 0.059375
52 0.50390625 0.803125 0.053125 0.028125
34 0.68828125 0.459375 0.028125 0.05625
57 0.496875 0.4125 0.121875 0.0171875
55 0.83515625 0.53515625 0.028125 0.028125
52 0.91875 0.51328125 0.04375 0.0203125
52 0.4953125 0.3171875 0.0484375 0.021875
12 0.075 0.43515625 0.0296875 0.0578125
20 0.12109375 0.4390625 0.03125 0.0546875
53 0.5953125 0.5875 0.0453125 0.021875
26 0.4984375 0.7 0.0328125 0.0609375
53 0.50078125 0.5640625 0.0421875 0.0203125
58 0.07734375 0.52890625 0.0546875 0.021875
40 0.9609375 0.421875 0.0296875 0.053125
19 0.55078125 0.70234375 0.0328125 0.0625
27 0.54921875 0.70234375 0.0328125 0.0609375
21 0.60390625 0.4625 0.021875 0.05625