57 0.5046875 0.4140625 0.128125 0.0296875
53 0.4953125 0.5640625 0.04375 0.021875
55 0.55390625 0.64765625 0.0296875 0.028125
52 0.5125 0.31953125 0.05 0.025
22 0.43671875 0.4609375 0.0296875 0.05625
47 0.08125 0.3984375 0.0359375 0.059375
58 0.91796875 0.55078125 0.053125 0.025
58 0.47890625 0.79921875 0.028125 0.028125
58 0.07890625 0.49375 0.0484375 0.025
10 0.52265625 0.465625 0.03125 0.0578125
29 0.69140625 0.47734375 0.03125 0.0609375
18 0.60703125 0.47265625 0.0328125 0.059375
3 0.5609375 0.23046875 0.0328125 0.0578125
2 0.51640625 0.22421875 0.03125 0.05625
25 0.35234375 0.45703125 0.028125 0.059375
41 0.12890625 0.40859375 0.0265625 0.053125