12 0.47890625 0.465625 0.03125 0.0609375
26 0.08046875 0.45703125 0.0296875 0.0578125
47 0.03359375 0.465625 0.03125 0.0578125
57 0.4953125 0.4125 0.1375 0.0265625
53 0.4140625 0.596875 0.04375 0.0234375
55 0.16953125 0.565625 0.028125 0.028125
52 0.52265625 0.80078125 0.0546875 0.028125
52 0.08359375 0.54921875 0.046875 0.021875
18 0.91875 0.3984375 0.03125 0.05625
58 0.92265625 0.4953125 0.0578125 0.025
53 0.5046875 0.5640625 0.04375 0.0234375
27 0.56171875 0.459375 0.03125 0.059375
49 0.646875 0.45390625 0.03125 0.0609375
35 0.39296875 0.47109375 0.034375 0.0578125
17 0.87265625 0.40625 0.0328125 0.05625
11 0.39296875 0.47265625 0.0359375 0.059375
46 0.4671875 0.7078125 0.034375 0.059375
55 0.3765625 0.57421875 0.0234375 0.021875
35 0.39296875 0.47109375 0.0328125 0.0578125
55 0.4 0.57265625 0.0234375 0.0265625
10 0.51875 0.70234375 0.03125 0.0609375
7 0.3078125 0.47890625 0.028125 0.0578125