54 0.85625 0.3125 0.06875 0.075
58 0.165625 0.40859375 0.0359375 0.0234375
58 0.82578125 0.38515625 0.0359375 0.0234375
54 0.8 0.315625 0.0796875 0.08125
58 0.50859375 0.8015625 0.04375 0.0296875
6 0.55390625 0.7 0.03125 0.0546875
55 0.80859375 0.428125 0.0328125 0.03125
57 0.496875 0.4125 0.1046875 0.0203125
48 0.6875 0.4578125 0.028125 0.0578125
27 0.603125 0.46015625 0.0265625 0.0578125
49 0.51875 0.46328125 0.028125 0.0609375
6 0.43515625 0.47109375 0.0296875 0.0578125
1 0.50234375 0.7015625 0.028125 0.0609375
6 0.55390625 0.7046875 0.03125 0.0578125