55 0.165625 0.5421875 0.028125 0.0265625
58 0.08125 0.521875 0.0359375 0.0203125
52 0.5015625 0.8046875 0.05 0.021875
58 0.5015625 0.321875 0.034375 0.021875
57 0.5015625 0.4140625 0.1140625 0.0171875
13 0.0828125 0.428125 0.0265625 0.0578125
53 0.5 0.565625 0.03125 0.0171875
17 0.4796875 0.4640625 0.025 0.05625
49 0.5046875 0.7015625 0.028125 0.0640625
11 0.3109375 0.4640625 0.028125 0.05625
51 0.453125 0.703125 0.034375 0.0640625
32 0.0375 0.434375 0.03125 0.05625
30 0.3953125 0.465625 0.028125 0.05625
35 0.3109375 0.4671875 0.028125 0.0578125