34 0.12734375 0.40625 0.03125 0.0546875
57 0.5046875 0.4140625 0.1265625 0.028125
32 0.60703125 0.47265625 0.034375 0.059375
35 0.3546875 0.45546875 0.0296875 0.05625
58 0.47890625 0.80390625 0.0578125 0.028125
55 0.55390625 0.64921875 0.0296875 0.028125
52 0.5109375 0.31875 0.05 0.025
53 0.49375 0.565625 0.0421875 0.021875
58 0.9171875 0.55390625 0.0515625 0.0265625
52 0.07734375 0.49375 0.0484375 0.021875
4 0.52265625 0.4671875 0.03125 0.0609375
35 0.3546875 0.45546875 0.03125 0.0578125
51 0.43828125 0.4609375 0.03125 0.059375
0 0.08046875 0.4015625 0.03125 0.0578125
46 0.96640625 0.465625 0.03125 0.05625
14 0.69140625 0.47734375 0.0296875 0.0578125
36 0.92109375 0.46015625 0.0328125 0.0578125