46 0.3078125 0.4875 0.034375 0.059375
2 0.39140625 0.47734375 0.0375 0.0609375
18 0.47578125 0.4671875 0.034375 0.059375
38 0.4796875 0.70703125 0.0375 0.0671875
30 0.52734375 0.696875 0.0359375 0.0640625
40 0.85625 0.54453125 0.0359375 0.059375
47 0.90234375 0.5359375 0.0359375 0.0609375
53 0.5078125 0.56484375 0.0453125 0.0265625
57 0.49296875 0.4140625 0.13125 0.0359375
58 0.13125 0.43203125 0.05625 0.028125
58 0.13671875 0.72421875 0.03125 0.028125
58 0.84140625 0.34453125 0.0578125 0.03125
58 0.909375 0.63046875 0.0546875 0.028125
58 0.47734375 0.31875 0.0578125 0.03125
55 0.45546875 0.6515625 0.0328125 0.0328125