54 0.16875 0.290625 0.078125 0.078125
57 0.4984375 0.4140625 0.1265625 0.0203125
58 0.5 0.803125 0.0578125 0.0265625
54 0.2421875 0.634375 0.0640625 0.075
58 0.209375 0.7046875 0.0515625 0.021875
54 0.2234375 0.290625 0.06875 0.0765625
58 0.596875 0.31875 0.0515625 0.021875
58 0.9203125 0.521875 0.0515625 0.021875
58 0.1921875 0.3609375 0.053125 0.025
58 0.0796875 0.5203125 0.053125 0.0234375
58 0.8078125 0.3609375 0.0515625 0.025
58 0.4015625 0.3171875 0.0515625 0.021875
58 0.7890625 0.703125 0.0234375 0.0234375
54 0.1859375 0.634375 0.08125 0.0796875
55 0.159375 0.5375 0.03125 0.028125
53 0.4984375 0.565625 0.0453125 0.0203125
30 0.5203125 0.465625 0.025 0.0546875
15 0.60625 0.465625 0.0265625 0.0546875
19 0.6890625 0.4671875 0.028125 0.0578125