57 0.5 0.4125 0.1171875 0.0203125
54 0.25 0.284375 0.078125 0.078125
54 0.8578125 0.60625 0.0640625 0.0734375
54 0.796875 0.284375 0.078125 0.078125
54 0.9140625 0.60625 0.078125 0.078125
54 0.7421875 0.284375 0.0671875 0.0734375
49 0.453125 0.703125 0.0296875 0.059375
58 0.1109375 0.6765625 0.034375 0.021875
54 0.196875 0.284375 0.0671875 0.0734375
53 0.6921875 0.4 0.021875 0.01875
58 0.890625 0.6765625 0.034375 0.021875
55 0.2421875 0.6265625 0.028125 0.025
58 0.5 0.8015625 0.053125 0.0265625
58 0.228125 0.3546875 0.0359375 0.021875
53 0.5046875 0.625 0.021875 0.01875
53 0.759375 0.5921875 0.021875 0.01875
29 0.5046875 0.7015625 0.0265625 0.0609375
58 0.7734375 0.3546875 0.0359375 0.0234375
53 0.309375 0.4 0.021875 0.0203125
53 0.5 0.5640625 0.021875 0.01875