54 0.77265625 0.6203125 0.084375 0.0828125
55 0.16328125 0.55078125 0.03125 0.028125
54 0.82734375 0.61875 0.0703125 0.0765625
58 0.5140625 0.803125 0.0421875 0.025
58 0.0796875 0.5453125 0.05 0.025
58 0.79921875 0.690625 0.0390625 0.021875
57 0.4953125 0.4140625 0.115625 0.025
58 0.4890625 0.3171875 0.0375 0.0234375
58 0.21484375 0.37109375 0.0375 0.0234375
58 0.2203125 0.71953125 0.0375 0.021875
37 0.68828125 0.45546875 0.0296875 0.059375
16 0.603125 0.46015625 0.0296875 0.05625
32 0.51875 0.46484375 0.0296875 0.059375
29 0.434375 0.4703125 0.03125 0.0609375