57 0.490625 0.41171875 0.128125 0.0375
54 0.53125 0.23828125 0.075 0.0828125
54 0.82890625 0.584375 0.0859375 0.0875
54 0.7734375 0.5921875 0.071875 0.0796875
44 0.3078125 0.4890625 0.034375 0.059375
54 0.58515625 0.22890625 0.0859375 0.0875
58 0.54296875 0.796875 0.0578125 0.034375
53 0.51015625 0.56171875 0.0484375 0.028125
8 0.53203125 0.69609375 0.0359375 0.0640625
10 0.47421875 0.4625 0.034375 0.0609375
58 0.81640625 0.6609375 0.0515625 0.0296875
41 0.48125 0.70625 0.034375 0.0625
58 0.378125 0.3296875 0.0546875 0.0296875
55 0.78515625 0.3609375 0.03125 0.0296875
58 0.571875 0.30234375 0.0546875 0.028125
58 0.9171875 0.46015625 0.0515625 0.0296875
58 0.08828125 0.5765625 0.0265625 0.021875
58 0.78515625 0.31640625 0.05 0.028125
58 0.2421875 0.73984375 0.053125 0.028125
58 0.17734375 0.403125 0.053125 0.028125
14 0.390625 0.47578125 0.0359375 0.059375