57 0.4984375 0.4125 0.128125 0.01875
52 0.4984375 0.803125 0.053125 0.0265625
54 0.95 0.45 0.06875 0.0734375
55 0.5625 0.64375 0.0296875 0.028125
54 0.05625 0.4515625 0.0796875 0.08125
52 0.4984375 0.3171875 0.0484375 0.0203125
54 0.896875 0.4515625 0.078125 0.0765625
54 0.109375 0.453125 0.0671875 0.0765625
53 0.1859375 0.5078125 0.03125 0.0203125
53 0.496875 0.6265625 0.0421875 0.0203125
58 0.0796875 0.5234375 0.059375 0.0203125
34 0.546875 0.703125 0.03125 0.059375
53 0.8140625 0.5078125 0.03125 0.021875
58 0.91875 0.521875 0.05 0.0234375
13 0.4953125 0.7 0.03125 0.0625