46 0.3078125 0.49375 0.0359375 0.059375
2 0.390625 0.48125 0.040625 0.0625
18 0.47421875 0.46796875 0.0359375 0.059375
38 0.48671875 0.7078125 0.0390625 0.0671875
30 0.534375 0.6953125 0.0375 0.0640625
40 0.8578125 0.53203125 0.0375 0.0609375
47 0.90390625 0.521875 0.0390625 0.0625
53 0.51015625 0.56484375 0.046875 0.028125
57 0.48984375 0.41484375 0.13125 0.040625
58 0.12890625 0.44453125 0.0578125 0.0296875
58 0.1453125 0.73671875 0.03125 0.0296875
58 0.8359375 0.3328125 0.0578125 0.0328125
58 0.9140625 0.61640625 0.05625 0.0296875
58 0.47109375 0.31953125 0.0578125 0.0328125
55 0.4609375 0.653125 0.034375 0.034375