27 0.5609375 0.4578125 0.03125 0.0578125
57 0.4953125 0.4125 0.1359375 0.028125
58 0.52109375 0.80234375 0.0671875 0.0328125
58 0.225 0.375 0.0609375 0.028125
34 0.39296875 0.47109375 0.0296875 0.0578125
52 0.22578125 0.72265625 0.0484375 0.0234375
58 0.92109375 0.4921875 0.0640625 0.0265625
58 0.08359375 0.55234375 0.0578125 0.028125
1 0.30859375 0.47734375 0.0296875 0.0609375
58 0.7671875 0.3390625 0.0484375 0.025
58 0.4890625 0.31875 0.0515625 0.0265625
58 0.80234375 0.684375 0.0609375 0.0265625
36 0.47890625 0.465625 0.0328125 0.059375
55 0.2109375 0.415625 0.0296875 0.0265625
38 0.1765625 0.2890625 0.028125 0.0578125
44 0.22265625 0.63203125 0.03125 0.05625
53 0.5046875 0.5640625 0.0515625 0.0234375
45 0.17578125 0.63828125 0.03125 0.05625
55 0.84765625 0.63515625 0.03125 0.021875
26 0.221875 0.284375 0.03125 0.0546875