42 0.415625 0.23671875 0.0359375 0.0578125
53 0.51015625 0.56328125 0.04375 0.0234375
55 0.83671875 0.4890625 0.03125 0.03125
36 0.309375 0.49375 0.0359375 0.059375
57 0.48984375 0.41484375 0.128125 0.0375
52 0.47109375 0.31953125 0.0515625 0.0296875
35 0.0328125 0.5078125 0.0375 0.0609375
58 0.08828125 0.5859375 0.0546875 0.0296875
58 0.546875 0.79765625 0.0296875 0.0296875
47 0.46015625 0.2265625 0.0359375 0.0578125
58 0.91875 0.45546875 0.025 0.025
23 0.55703125 0.459375 0.0359375 0.0578125
27 0.47421875 0.46796875 0.0359375 0.0625
21 0.39140625 0.4828125 0.0359375 0.0609375
15 0.0765625 0.49296875 0.0375 0.0609375