54 0.8140625 0.6328125 0.078125 0.0765625
54 0.103125 0.4484375 0.0765625 0.0796875
54 0.759375 0.634375 0.0640625 0.071875
54 0.05 0.45 0.0671875 0.0734375
57 0.5015625 0.4125 0.1234375 0.0171875
58 0.5015625 0.803125 0.0640625 0.028125
49 0.3109375 0.4625 0.0265625 0.059375
53 0.50625 0.6265625 0.0375 0.01875
55 0.70625 0.6390625 0.028125 0.025
58 0.9203125 0.521875 0.0609375 0.021875
58 0.234375 0.35625 0.059375 0.021875
58 0.08125 0.521875 0.05625 0.0234375
58 0.5015625 0.31875 0.046875 0.021875
58 0.7890625 0.7046875 0.059375 0.0203125
58 0.778125 0.35625 0.059375 0.021875
58 0.2109375 0.703125 0.0515625 0.021875
14 0.3953125 0.4625 0.028125 0.05625
53 0.5 0.5640625 0.040625 0.0171875
21 0.503125 0.7015625 0.028125 0.059375
45 0.453125 0.703125 0.028125 0.059375
25 0.4796875 0.4640625 0.025 0.059375