32 0.54140625 0.70546875 0.0328125 0.0625
0 0.52109375 0.4640625 0.0296875 0.059375
57 0.5 0.4140625 0.1265625 0.0203125
53 0.590625 0.5921875 0.03125 0.0203125
52 0.5015625 0.3171875 0.046875 0.021875
52 0.49296875 0.803125 0.0515625 0.0265625
44 0.60546875 0.4671875 0.028125 0.0578125
52 0.078125 0.51640625 0.046875 0.021875
55 0.83359375 0.54765625 0.028125 0.028125
53 0.49921875 0.5640625 0.0421875 0.021875
29 0.69140625 0.4671875 0.028125 0.059375
22 0.91796875 0.43671875 0.0296875 0.05625
58 0.92109375 0.53046875 0.05 0.021875
51 0.43671875 0.46328125 0.0296875 0.0578125
38 0.96328125 0.440625 0.028125 0.0546875
6 0.0765625 0.42109375 0.03125 0.05625
15 0.1234375 0.4265625 0.0328125 0.0546875
46 0.4921875 0.7 0.03125 0.059375
50 0.35078125 0.46171875 0.028125 0.05625