12 0.43984375 0.459375 0.034375 0.0625
54 0.1734375 0.59921875 0.0859375 0.084375
54 0.228125 0.60625 0.071875 0.0796875
54 0.8984375 0.48984375 0.0859375 0.0875
54 0.953125 0.49765625 0.075 0.0796875
56 0.1828125 0.775 0.365625 0.115625
58 0.46796875 0.8015625 0.065625 0.034375
49 0.6921875 0.4828125 0.03125 0.0609375
57 0.5078125 0.4125 0.1359375 0.03125
58 0.915625 0.565625 0.0484375 0.0265625
55 0.28046875 0.61640625 0.03125 0.028125
58 0.0796875 0.478125 0.0625 0.028125
58 0.77890625 0.38515625 0.0609375 0.028125
58 0.19140625 0.671875 0.059375 0.028125
58 0.5171875 0.31796875 0.0484375 0.025
58 0.23828125 0.328125 0.0609375 0.028125
58 0.76640625 0.73359375 0.0515625 0.0265625
14 0.6078125 0.475 0.034375 0.0609375
45 0.525 0.70703125 0.034375 0.0625
53 0.49296875 0.5640625 0.053125 0.025
25 0.52421875 0.46640625 0.03125 0.059375
57 0.48203125 0.65546875 0.0484375 0.0234375
21 0.47578125 0.7 0.034375 0.0625