57 0.5 0.4140625 0.1234375 0.0234375
27 0.68984375 0.4703125 0.0296875 0.0578125
35 0.12421875 0.42109375 0.03125 0.05625
52 0.4890625 0.803125 0.0546875 0.0265625
49 0.353125 0.45859375 0.028125 0.059375
53 0.49765625 0.565625 0.04375 0.021875
55 0.1640625 0.53046875 0.0296875 0.028125
58 0.07734375 0.51015625 0.046875 0.0234375
58 0.50625 0.31875 0.0546875 0.025
33 0.4375 0.46171875 0.028125 0.059375
15 0.48828125 0.7 0.03125 0.0625
8 0.60546875 0.46953125 0.0296875 0.0578125
44 0.53828125 0.7078125 0.03125 0.0625
40 0.07734375 0.41484375 0.0296875 0.0578125
58 0.91953125 0.53984375 0.0515625 0.025
49 0.521875 0.46484375 0.028125 0.0578125
50 0.521875 0.46484375 0.028125 0.0578125