57 0.4984375 0.4125 0.128125 0.0234375
54 0.94296875 0.4421875 0.0796875 0.0796875
54 0.88828125 0.44296875 0.06875 0.075
54 0.04765625 0.45625 0.06875 0.0703125
54 0.10390625 0.45390625 0.078125 0.075
53 0.50078125 0.5640625 0.0234375 0.01875
52 0.08203125 0.53046875 0.0453125 0.0203125
58 0.77578125 0.353125 0.034375 0.021875
58 0.21484375 0.7125 0.046875 0.021875
58 0.50703125 0.8046875 0.0390625 0.025
53 0.3140625 0.596875 0.0234375 0.0203125
58 0.79453125 0.70234375 0.034375 0.0203125
58 0.496875 0.31875 0.0359375 0.021875
53 0.18125 0.50546875 0.03125 0.0203125
53 0.81875 0.49453125 0.03125 0.0171875
58 0.9203125 0.51796875 0.03125 0.021875