30 0.43125 0.47578125 0.034375 0.0578125
32 0.94609375 0.3609375 0.0390625 0.0625
57 0.48515625 0.415625 0.125 0.0359375
58 0.08671875 0.5875 0.053125 0.0296875
58 0.91875 0.45703125 0.053125 0.0296875
4 0.51328125 0.46171875 0.0359375 0.0625
53 0.51015625 0.56328125 0.046875 0.0265625
2 0.34765625 0.4875 0.034375 0.059375
55 0.16875 0.584375 0.03125 0.03125
52 0.5453125 0.7984375 0.053125 0.034375
58 0.246875 0.74765625 0.05 0.0296875
44 0.5765625 0.6953125 0.0375 0.0625
27 0.68125 0.43515625 0.034375 0.059375
27 0.59765625 0.4484375 0.034375 0.059375
31 0.68125 0.43515625 0.0359375 0.0609375
7 0.59921875 0.44765625 0.034375 0.059375
16 0.89921875 0.3640625 0.0375 0.0609375
38 0.5265625 0.6984375 0.0375 0.0625