17 0.69375 0.49921875 0.0359375 0.059375
41 0.44140625 0.45625 0.0359375 0.059375
44 0.609375 0.484375 0.0359375 0.0609375
15 0.52265625 0.46875 0.0375 0.0609375
57 0.5125 0.41796875 0.1296875 0.04375
58 0.5296875 0.32265625 0.0578125 0.034375
58 0.87109375 0.4546875 0.0546875 0.0296875
58 0.8515625 0.74765625 0.059375 0.034375
58 0.446875 0.8 0.0609375 0.0375
58 0.08359375 0.6109375 0.0578125 0.034375
58 0.16328125 0.33125 0.0546875 0.0328125
53 0.48828125 0.56640625 0.0484375 0.0359375
55 0.75078125 0.67109375 0.0359375 0.0375
54 0.915625 0.390625 0.0828125 0.0875
54 0.86171875 0.3828125 0.090625 0.09375
54 0.57265625 0.26015625 0.0828125 0.0890625
54 0.51875 0.24765625 0.0921875 0.0890625