12 0.9265625 0.4359375 0.0296875 0.059375
57 0.503125 0.4125 0.125 0.01875
28 0.31171875 0.4609375 0.0296875 0.0578125
4 0.50078125 0.7015625 0.0328125 0.0640625
52 0.49453125 0.803125 0.053125 0.0265625
55 0.83359375 0.54609375 0.028125 0.0265625
58 0.503125 0.31875 0.05 0.0234375
8 0.56484375 0.46640625 0.0296875 0.0578125
36 0.88046875 0.440625 0.03125 0.059375
53 0.49921875 0.5640625 0.040625 0.01875
58 0.92109375 0.53046875 0.059375 0.021875
58 0.0796875 0.51640625 0.0515625 0.0234375
23 0.64921875 0.46640625 0.028125 0.05625
27 0.48046875 0.4640625 0.028125 0.0578125
25 0.44921875 0.70390625 0.0296875 0.059375
5 0.45078125 0.70390625 0.028125 0.0578125
14 0.39609375 0.4640625 0.028125 0.0578125