1 0.6921875 0.496875 0.034375 0.0625
19 0.60859375 0.4828125 0.0375 0.0609375
8 0.525 0.47109375 0.0375 0.0609375
32 0.5125 0.7125 0.0421875 0.06875
0 0.46328125 0.7015625 0.040625 0.0703125
54 0.47109375 0.2453125 0.0828125 0.090625
54 0.41484375 0.23671875 0.09375 0.096875
54 0.12421875 0.39609375 0.078125 0.0859375
54 0.06875 0.3859375 0.0875 0.09375
55 0.15546875 0.48828125 0.0359375 0.0359375
57 0.51171875 0.41640625 0.1296875 0.04375
58 0.42890625 0.30859375 0.0578125 0.0296875
58 0.6234375 0.3375 0.0578125 0.0328125
58 0.8234375 0.41328125 0.0578125 0.034375
58 0.9109375 0.590625 0.059375 0.034375
58 0.753125 0.75078125 0.03125 0.03125
58 0.45078125 0.80234375 0.065625 0.0375
58 0.18203125 0.66015625 0.05625 0.034375
58 0.08046875 0.46015625 0.0578125 0.0296875
53 0.48828125 0.56640625 0.0515625 0.028125
58 0.215625 0.31875 0.05625 0.03125