54 0.8484375 0.659375 0.0875 0.0875
54 0.90234375 0.66875 0.0765625 0.0859375
55 0.54140625 0.65234375 0.0296875 0.0296875
58 0.86171875 0.73203125 0.053125 0.028125
58 0.45625 0.8 0.059375 0.034375
57 0.51015625 0.41484375 0.1265625 0.0359375
58 0.87109375 0.44140625 0.0546875 0.028125
53 0.49140625 0.56328125 0.046875 0.028125
58 0.5234375 0.3203125 0.0296875 0.0234375
58 0.08828125 0.621875 0.028125 0.025
58 0.159375 0.33984375 0.0546875 0.028125
54 0.8578125 0.3671875 0.090625 0.0890625
54 0.91015625 0.375 0.08125 0.0875
27 0.69296875 0.49375 0.03125 0.0578125
11 0.60859375 0.48046875 0.0328125 0.059375
18 0.525 0.4703125 0.0328125 0.0578125
0 0.43984375 0.45859375 0.03125 0.05625
45 0.35625 0.4453125 0.028125 0.0546875
51 0.51640625 0.721875 0.0375 0.0546875
16 0.46484375 0.7140625 0.0359375 0.059375