19 0.54140625 0.70546875 0.0328125 0.0609375
57 0.5015625 0.4140625 0.1328125 0.01875
55 0.56171875 0.64609375 0.0265625 0.0265625
52 0.5015625 0.3171875 0.046875 0.0234375
52 0.49453125 0.803125 0.05 0.025
18 0.4921875 0.7 0.0296875 0.059375
29 0.60546875 0.4671875 0.0265625 0.0578125
58 0.078125 0.51640625 0.059375 0.0234375
51 0.43671875 0.46328125 0.0296875 0.059375
58 0.91953125 0.53046875 0.05 0.025
21 0.5015625 0.2234375 0.028125 0.0546875
4 0.51953125 0.4640625 0.028125 0.059375
53 0.590625 0.5921875 0.05 0.0203125
53 0.49921875 0.565625 0.040625 0.0203125
5 0.69140625 0.4671875 0.028125 0.0578125
35 0.1234375 0.4265625 0.0328125 0.0546875
14 0.075 0.4234375 0.0265625 0.0515625
27 0.546875 0.23203125 0.0265625 0.0515625