57 0.4890625 0.41328125 0.11875 0.034375
54 0.22578125 0.31640625 0.0875 0.0875
54 0.86796875 0.56171875 0.071875 0.08125
54 0.76875 0.25 0.0875 0.0875
54 0.92421875 0.5546875 0.0875 0.0875
54 0.7140625 0.25625 0.075 0.08125
49 0.478125 0.70703125 0.0359375 0.0625
58 0.13515625 0.72265625 0.0375 0.0265625
54 0.17265625 0.32265625 0.075 0.08125
53 0.67890625 0.37734375 0.0234375 0.021875
58 0.909375 0.62734375 0.0375 0.0265625
55 0.259375 0.65703125 0.03125 0.028125
58 0.53671875 0.79921875 0.05625 0.0328125
58 0.2125 0.3890625 0.0390625 0.0265625
53 0.51953125 0.6234375 0.0234375 0.021875
53 0.76875 0.56015625 0.0234375 0.021875
29 0.52890625 0.69921875 0.034375 0.0640625
58 0.75390625 0.32265625 0.0390625 0.028125
53 0.2984375 0.42421875 0.0234375 0.0234375
53 0.5078125 0.56328125 0.0234375 0.021875