57 0.4953125 0.4140625 0.1171875 0.028125
54 0.053125 0.475 0.084375 0.08125
54 0.8921875 0.4296875 0.0828125 0.0828125
54 0.9484375 0.428125 0.071875 0.0765625
53 0.18671875 0.52421875 0.0234375 0.01875
54 0.10859375 0.4703125 0.06875 0.0765625
26 0.50546875 0.7 0.0328125 0.0609375
55 0.8359375 0.5234375 0.0296875 0.028125
52 0.91953125 0.4984375 0.046875 0.021875
52 0.5140625 0.8015625 0.053125 0.0296875
53 0.815625 0.49140625 0.0328125 0.0203125
58 0.4875 0.31796875 0.034375 0.0234375
58 0.078125 0.54375 0.0328125 0.0234375
53 0.4890625 0.38203125 0.0234375 0.021875
53 0.503125 0.625 0.0234375 0.0203125
53 0.4890625 0.38203125 0.0203125 0.0234375
26 0.5578125 0.70078125 0.034375 0.0609375
25 0.5578125 0.70078125 0.0328125 0.0609375