57 0.496875 0.4140625 0.125 0.025
33 0.39375 0.47109375 0.028125 0.0578125
53 0.5046875 0.565625 0.0421875 0.0203125
55 0.16796875 0.559375 0.03125 0.0296875
58 0.515625 0.80234375 0.0578125 0.0296875
2 0.309375 0.47421875 0.0296875 0.05625
52 0.0828125 0.5453125 0.046875 0.021875
34 0.87421875 0.41328125 0.03125 0.0546875
58 0.92265625 0.503125 0.0265625 0.021875
42 0.5640625 0.4625 0.0296875 0.05625
26 0.64609375 0.4578125 0.0296875 0.0578125
51 0.4796875 0.46640625 0.0328125 0.059375
26 0.034375 0.45703125 0.0296875 0.0546875
26 0.64609375 0.4578125 0.03125 0.0578125
14 0.034375 0.45703125 0.0296875 0.05625
13 0.92109375 0.409375 0.025 0.0546875
10 0.0796875 0.453125 0.0296875 0.0546875