0 0.90703125 0.38515625 0.0328125 0.059375
48 0.51640625 0.4625 0.034375 0.0625
52 0.53046875 0.8015625 0.05625 0.03125
34 0.684375 0.44296875 0.0328125 0.059375
57 0.4890625 0.41328125 0.1234375 0.028125
55 0.83671875 0.50546875 0.03125 0.03125
52 0.91875 0.4765625 0.0453125 0.025
52 0.4796875 0.31796875 0.05 0.025
12 0.07109375 0.47265625 0.034375 0.0609375
20 0.1171875 0.47265625 0.0359375 0.0578125
53 0.60234375 0.57890625 0.046875 0.025
26 0.51640625 0.69921875 0.0375 0.0640625
53 0.50703125 0.5640625 0.04375 0.025
58 0.08125 0.56640625 0.05625 0.0265625
40 0.95234375 0.38203125 0.0328125 0.05625
19 0.56796875 0.696875 0.0375 0.065625
27 0.56640625 0.69765625 0.0375 0.0640625
21 0.6 0.453125 0.0265625 0.0578125