55 0.775 0.390625 0.028125 0.0265625
58 0.5015625 0.8046875 0.0375 0.021875
58 0.5015625 0.31875 0.034375 0.021875
58 0.1421875 0.3890625 0.0359375 0.021875
58 0.109375 0.6796875 0.0390625 0.021875
57 0.5015625 0.4140625 0.115625 0.0203125
58 0.8921875 0.6796875 0.0359375 0.0203125
52 0.8609375 0.3875 0.0453125 0.01875
20 0.3109375 0.4671875 0.028125 0.059375
35 0.39375 0.465625 0.0265625 0.05625
47 0.4796875 0.4671875 0.0265625 0.05625
3 0.565625 0.4671875 0.028125 0.0546875
12 0.65 0.4671875 0.025 0.059375
33 0.815625 0.2984375 0.0234375 0.0484375
31 0.8640625 0.296875 0.0296875 0.05625
48 0.1453125 0.296875 0.028125 0.0546875
49 0.0984375 0.2984375 0.028125 0.05