49 0.47421875 0.696875 0.0375 0.065625
15 0.6078125 0.4734375 0.0359375 0.0609375
57 0.50625 0.4125 0.1234375 0.03125
55 0.828125 0.575 0.03125 0.03125
52 0.5171875 0.31796875 0.05 0.0265625
42 0.52421875 0.46640625 0.0328125 0.059375
52 0.915625 0.5640625 0.046875 0.025
37 0.52421875 0.70546875 0.0359375 0.0640625
53 0.49296875 0.5640625 0.04375 0.025
58 0.46796875 0.8015625 0.059375 0.0328125
58 0.0796875 0.4796875 0.0609375 0.028125
44 0.69140625 0.484375 0.0328125 0.0609375
13 0.43984375 0.45625 0.0328125 0.0609375
41 0.9671875 0.4796875 0.03125 0.05625
14 0.921875 0.4734375 0.03125 0.05625