55 0.54609375 0.35078125 0.0265625 0.0265625
54 0.865625 0.6140625 0.0796875 0.0796875
54 0.1203125 0.30859375 0.08125 0.0828125
54 0.48125 0.246875 0.0828125 0.0796875
54 0.084375 0.60234375 0.08125 0.0859375
54 0.1390625 0.6 0.0671875 0.0765625
54 0.89375 0.32421875 0.0703125 0.0765625
54 0.5359375 0.24765625 0.0671875 0.0765625
54 0.8390625 0.321875 0.0796875 0.0796875
54 0.91875 0.61484375 0.06875 0.078125
58 0.49296875 0.8 0.040625 0.0265625
57 0.5 0.4125 0.115625 0.0234375
58 0.5015625 0.3171875 0.0359375 0.021875
58 0.859375 0.39375 0.034375 0.021875
54 0.171875 0.31171875 0.0703125 0.078125
53 0.2625 0.41015625 0.01875 0.015625
52 0.8859375 0.68515625 0.046875 0.0203125
58 0.1046875 0.67109375 0.0359375 0.0203125
58 0.14296875 0.38125 0.0359375 0.021875
53 0.228125 0.5859375 0.0203125 0.0171875
53 0.76875 0.5953125 0.0296875 0.0171875
53 0.49453125 0.625 0.021875 0.01875
41 0.54296875 0.70390625 0.0328125 0.0546875