3 0.30859375 0.47734375 0.0296875 0.0578125
54 0.09921875 0.34453125 0.075 0.08125
54 0.15234375 0.34140625 0.0828125 0.0828125
8 0.56171875 0.459375 0.03125 0.059375
57 0.49375 0.4140625 0.1296875 0.028125
14 0.39296875 0.47109375 0.0296875 0.0578125
15 0.47734375 0.465625 0.03125 0.059375
58 0.52265625 0.80234375 0.05625 0.0296875
58 0.13359375 0.4140625 0.0515625 0.0296875
53 0.5046875 0.5640625 0.0453125 0.0234375
58 0.4890625 0.315625 0.028125 0.0234375
58 0.90234375 0.64921875 0.053125 0.025
58 0.85078125 0.3609375 0.0515625 0.025
58 0.12421875 0.7046875 0.0515625 0.025
55 0.2328125 0.64375 0.028125 0.028125
30 0.51875 0.69921875 0.0328125 0.0625
5 0.4671875 0.70625 0.03125 0.0609375
6 0.51875 0.69921875 0.03125 0.0625