57 0.48515625 0.4140625 0.1140625 0.0359375
32 0.27265625 0.6515625 0.0375 0.059375
58 0.546875 0.79765625 0.0578125 0.034375
22 0.59765625 0.4484375 0.034375 0.0578125
52 0.2453125 0.74765625 0.0484375 0.025
19 0.721875 0.22421875 0.0359375 0.059375
58 0.9171875 0.4578125 0.05 0.0296875
58 0.73828125 0.31640625 0.0390625 0.028125
40 0.68125 0.43515625 0.0359375 0.0609375
58 0.46953125 0.31796875 0.0515625 0.03125
55 0.58515625 0.63046875 0.0296875 0.028125
58 0.8171875 0.65703125 0.053125 0.0296875
53 0.51015625 0.56328125 0.034375 0.0234375
58 0.20078125 0.4 0.0375 0.0265625
44 0.22734375 0.65546875 0.034375 0.059375
50 0.5140625 0.46015625 0.034375 0.0578125
33 0.7671875 0.2203125 0.034375 0.0578125
21 0.76796875 0.221875 0.034375 0.05625