58 0.209375 0.70625 0.0484375 0.0203125
58 0.5 0.8046875 0.0546875 0.025
52 0.5 0.3171875 0.0484375 0.021875
55 0.2171875 0.3953125 0.028125 0.0265625
58 0.0796875 0.5234375 0.034375 0.021875
57 0.503125 0.4140625 0.1265625 0.01875
58 0.921875 0.5234375 0.0515625 0.021875
58 0.778125 0.3578125 0.05 0.021875
58 0.234375 0.35625 0.0484375 0.021875
58 0.7921875 0.70625 0.05 0.021875
30 0.3109375 0.465625 0.0265625 0.053125
24 0.3953125 0.4671875 0.025 0.05625
51 0.4796875 0.465625 0.0265625 0.05625
12 0.5640625 0.465625 0.025 0.05625
27 0.65 0.4671875 0.0265625 0.0546875
42 0.0375 0.434375 0.0265625 0.053125
37 0.0828125 0.43125 0.025 0.0546875
33 0.4578125 0.23125 0.025 0.053125
34 0.5046875 0.2265625 0.028125 0.053125