54 0.44453125 0.2515625 0.0890625 0.0875
54 0.15859375 0.65390625 0.0734375 0.084375
54 0.10078125 0.659375 0.0890625 0.0875
52 0.909375 0.63046875 0.0453125 0.021875
54 0.4984375 0.246875 0.078125 0.0828125
55 0.240625 0.6578125 0.034375 0.03125
54 0.096875 0.36875 0.090625 0.0921875
54 0.15234375 0.36171875 0.078125 0.0859375
53 0.5046875 0.565625 0.040625 0.0234375
58 0.478125 0.3203125 0.0640625 0.0296875
58 0.134375 0.72578125 0.0609375 0.028125
57 0.48671875 0.41484375 0.1296875 0.034375
58 0.5359375 0.80234375 0.0703125 0.034375
58 0.128125 0.43515625 0.0625 0.034375
58 0.84140625 0.34609375 0.0609375 0.0296875
4 0.68359375 0.44453125 0.0328125 0.059375
17 0.6 0.453125 0.0328125 0.0609375
32 0.515625 0.46328125 0.03125 0.0609375
24 0.43203125 0.475 0.03125 0.059375